12.0 0.0 0.0 0.0 0.0 0.0 0.0 5.0 151.0 0.0 0.0 0.0 0.0 0.0 0.0 114.0 151.0 0.0 0.0 0.0 0.0 0.0 0.0 123.0 46.0 0.0 0.0 0.0 1.0 1.0 1.0 30.0 41.0 0.0 0.0 0.0 0.0 0.0 0.0 7.0 151.0 5.0 0.0 0.0 0.0 0.0 0.0 88.0 151.0 14.0 0.0 0.0 0.0 0.0 0.0 53.0 56.0 17.0 0.0 0.0 1.0 1.0 0.0 10.0 44.0 7.0 0.0 0.0 0.0 0.0 0.0 1.0 151.0 87.0 0.0 0.0 0.0 0.0 0.0 7.0 151.0 76.0 0.0 0.0 0.0 0.0 0.0 2.0 64.0 29.0 0.0 0.0 0.0 0.0 0.0 0.0 16.0 5.0 0.0 0.0 0.0 0.0 0.0 0.0 151.0 68.0 0.0 0.0 0.0 0.0 0.0 0.0 151.0 51.0 0.0 0.0 0.0 0.0 0.0 0.0 57.0 28.0 0.0 0.0 0.0 0.0 0.0 0.0
0.0 0.0 0.0 0.0 0.0 0.0 0.0 3.0 0.0 0.0 0.0 0.0 0.0 2.0 35.0 24.0 0.0 0.0 0.0 0.0 0.0 24.0 41.0 3.0 0.0 0.0 0.0 0.0 0.0 5.0 1.0 0.0 37.0 2.0 0.0 0.0 0.0 0.0 0.0 28.0 134.0 23.0 4.0 4.0 5.0 28.0 138.0 138.0 9.0 5.0 5.0 23.0 124.0 138.0 138.0 42.0 0.0 0.0 0.0 3.0 46.0 39.0 1.0 0.0 47.0 26.0 0.0 0.0 0.0 0.0 0.0 5.0 138.0 138.0 129.0 28.0 7.0 7.0 12.0 50.0 12.0 45.0 138.0 138.0 138.0 51.0 14.0 11.0 0.0 0.0 1.0 38.0 61.0 6.0 0.0 0.0 1.0 6.0 1.0 0.0 0.0 0.0 0.0 0.0 1.0 45.0 55.0 4.0 0.0 0.0 0.0 0.0 0.0 6.0 62.0 43.0 1.0 0.0 0.0 0.0 0.0 0.0 1.0 8.0 1.0 0.0 0.0 0.0
23.0 0.0 0.0 0.0 0.0 0.0 0.0 2.0 165.0 2.0 0.0 0.0 0.0 0.0 0.0 21.0 155.0 1.0 0.0 1.0 3.0 5.0 4.0 18.0 22.0 3.0 0.0 0.0 1.0 1.0 1.0 3.0 40.0 0.0 0.0 0.0 0.0 0.0 0.0 7.0 165.0 6.0 0.0 0.0 0.0 0.0 0.0 74.0 149.0 3.0 0.0 2.0 12.0 2.0 1.0 29.0 20.0 7.0 1.0 1.0 3.0 0.0 0.0 2.0 39.0 7.0 0.0 0.0 0.0 0.0 0.0 1.0 165.0 111.0 0.0 0.0 0.0 0.0 0.0 7.0 131.0 56.0 1.0 5.0 15.0 1.0 0.0 3.0 9.0 15.0 5.0 3.0 6.0 1.0 0.0 1.0 8.0 5.0 0.0 0.0 0.0 0.0 0.0 0.0 165.0 144.0 0.0 0.0 0.0 0.0 0.0 0.0 142.0 143.0 0.0 0.0 7.0 2.0 0.0 0.0 15.0 8.0 0.0 1.0 8.0 2.0 0.0 3.0
78.0 4.0 0.0 0.0 0.0 0.0 0.0 1.0 145.0 34.0 4.0 16.0 15.0 1.0 0.0 4.0 30.0 14.0 6.0 75.0 86.0 2.0 0.0 0.0 106.0 13.0 2.0 6.0 3.0 0.0 0.0 9.0 87.0 5.0 0.0 0.0 0.0 0.0 0.0 0.0 145.0 15.0 0.0 4.0 26.0 5.0 0.0 8.0 53.0 4.0 1.0 15.0 145.0 20.0 0.0 4.0 145.0 8.0 0.0 1.0 7.0 1.0 0.0 9.0 85.0 1.0 0.0 0.0 0.0 0.0 0.0 4.0 145.0 12.0 1.0 17.0 25.0 0.0 0.0 10.0 46.0 15.0 3.0 71.0 130.0 1.0 0.0 1.0 145.0 48.0 1.0 4.0 4.0 0.0 0.0 0.0 74.0 0.0 0.0 0.0 0.0 0.0 0.0 10.0 145.0 5.0 1.0 15.0 33.0 0.0 0.0 25.0 29.0 5.0 1.0 39.0 104.0 1.0 0.0 6.0 114.0 28.0 0.0 1.0 2.0 0.0 0.0 10.0
29.0 0.0 0.0 0.0 0.0 0.0 0.0 2.0 162.0 0.0 0.0 0.0 0.0 0.0 0.0 33.0 139.0 2.0 0.0 0.0 0.0 0.0 0.0 57.0 56.0 33.0 7.0 0.0 0.0 0.0 0.0 12.0 43.0 0.0 0.0 0.0 0.0 0.0 0.0 4.0 162.0 6.0 0.0 0.0 0.0 0.0 0.0 60.0 138.0 4.0 0.0 0.0 0.0 0.0 0.0 73.0 35.0 7.0 1.0 0.0 0.0 0.0 1.0 91.0 38.0 6.0 0.0 0.0 0.0 0.0 0.0 1.0 162.0 88.0 0.0 0.0 0.0 0.0 0.0 8.0 162.0 36.0 0.0 0.0 0.0 0.0 0.0 41.0 80.0 11.0 0.0 0.0 0.0 0.0 1.0 97.0 16.0 3.0 0.0 0.0 0.0 0.0 0.0 0.0 162.0 41.0 0.0 0.0 0.0 0.0 0.0 4.0 162.0 19.0 1.0 1.0 0.0 0.0 0.0 42.0 36.0 45.0 22.0 4.0 0.0 0.0 0.0 8.0
46.0 11.0 0.0 0.0 0.0 0.0 0.0 0.0 163.0 74.0 0.0 0.0 0.0 0.0 0.0 3.0 139.0 53.0 0.0 0.0 0.0 0.0 0.0 4.0 56.0 28.0 3.0 0.0 0.0 0.0 0.0 7.0 58.0 1.0 0.0 0.0 0.0 0.0 0.0 3.0 163.0 8.0 0.0 0.0 0.0 0.0 0.0 32.0 163.0 21.0 0.0 0.0 0.0 0.0 0.0 18.0 107.0 22.0 0.0 0.0 0.0 0.0 0.0 7.0 57.0 4.0 0.0 0.0 0.0 0.0 0.0 1.0 163.0 48.0 0.0 0.0 0.0 0.0 0.0 5.0 154.0 46.0 0.0 0.0 0.0 0.0 0.0 1.0 107.0 45.0 0.0 0.0 0.0 0.0 0.0 0.0 25.0 6.0 0.0 0.0 0.0 0.0 0.0 0.0 163.0 85.0 0.0 0.0 0.0 0.0 0.0 0.0 135.0 46.0 0.0 0.0 0.0 0.0 1.0 2.0 52.0 51.0 0.0 0.0 0.0 0.0 0.0 1.0
0.0 0.0 30.0 8.0 0.0 0.0 0.0 0.0 0.0 3.0 63.0 10.0 0.0 0.0 0.0 0.0 0.0 22.0 31.0 1.0 0.0 0.0 0.0 0.0 1.0 4.0 0.0 0.0 0.0 0.0 0.0 0.0 0.0 4.0 170.0 59.0 0.0 0.0 0.0 0.0 15.0 50.0 170.0 62.0 0.0 0.0 0.0 0.0 118.0 170.0 99.0 2.0 0.0 0.0 0.0 2.0 30.0 17.0 0.0 0.0 0.0 0.0 0.0 1.0 11.0 22.0 156.0 13.0 0.0 0.0 9.0 38.0 111.0 28.0 96.0 15.0 0.0 0.0 7.0 26.0 170.0 40.0 9.0 0.0 0.0 0.0 0.0 37.0 61.0 2.0 0.0 0.0 0.0 0.0 0.0 5.0 3.0 0.0 0.0 9.0 7.0 0.0 10.0 32.0 121.0 24.0 6.0 16.0 7.0 0.0 3.0 6.0 170.0 12.0 0.0 0.0 0.0 0.0 0.0 10.0 44.0 0.0 0.0 0.0 0.0 0.0 0.0 2.0
1.0 102.0 164.0 0.0 0.0 0.0 0.0 0.0 22.0 147.0 94.0 0.0 0.0 0.0 0.0 0.0 13.0 26.0 2.0 0.0 0.0 0.0 0.0 0.0 0.0 0.0 0.0 0.0 0.0 0.0 0.0 0.0 40.0 88.0 95.0 0.0 0.0 0.0 14.0 19.0 164.0 159.0 34.0 0.0 0.0 0.0 0.0 4.0 121.0 25.0 0.0 0.0 0.0 0.0 0.0 0.0 1.0 0.0 0.0 0.0 0.0 0.0 0.0 0.0 44.0 5.0 1.0 0.0 0.0 0.0 15.0 17.0 164.0 23.0 0.0 0.0 0.0 0.0 0.0 4.0 164.0 7.0 0.0 0.0 0.0 0.0 0.0 0.0 1.0 0.0 0.0 0.0 0.0 0.0 0.0 0.0 29.0 6.0 2.0 0.0 0.0 0.0 2.0 4.0 164.0 23.0 0.0 0.0 0.0 0.0 0.0 2.0 142.0 9.0 0.0 0.0 0.0 0.0 0.0 0.0 1.0 0.0 0.0 0.0 0.0 0.0 0.0 0.0
9.0 0.0 0.0 0.0 0.0 0.0 0.0 10.0 77.0 0.0 0.0 0.0 0.0 0.0 19.0 162.0 24.0 6.0 10.0 0.0 0.0 0.0 162.0 150.0 0.0 3.0 13.0 3.0 0.0 9.0 162.0 13.0 46.0 2.0 0.0 0.0 0.0 0.0 0.0 7.0 162.0 11.0 0.0 0.0 0.0 0.0 1.0 76.0 82.0 10.0 17.0 1.0 0.0 7.0 30.0 48.0 2.0 6.0 21.0 3.0 0.0 2.0 31.0 23.0 41.0 6.0 0.0 0.0 0.0 0.0 0.0 0.0 162.0 39.0 0.0 0.0 0.0 0.0 0.0 7.0 130.0 6.0 0.0 0.0 0.0 2.0 33.0 36.0 0.0 0.0 0.0 0.0 0.0 0.0 40.0 37.0 26.0 2.0 0.0 0.0 0.0 0.0 0.0 0.0 162.0 18.0 0.0 0.0 0.0 0.0 0.0 6.0 151.0 3.0 0.0 0.0 0.0 0.0 21.0 40.0 0.0 0.0 0.0 0.0 0.0 0.0 32.0 33.0
0.0 0.0 0.0 0.0 0.0 0.0 0.0 0.0 0.0 0.0 0.0 0.0 0.0 0.0 0.0 0.0 0.0 0.0 0.0 0.0 0.0 0.0 0.0 0.0 0.0 0.0 0.0 0.0 0.0 0.0 0.0 0.0 0.0 0.0 0.0 0.0 0.0 0.0 0.0 0.0 0.0 0.0 0.0 0.0 0.0 0.0 0.0 0.0 0.0 0.0 0.0 0.0 0.0 0.0 0.0 0.0 0.0 0.0 0.0 0.0 0.0 0.0 0.0 0.0 0.0 0.0 0.0 0.0 0.0 0.0 0.0 0.0 0.0 0.0 0.0 0.0 0.0 0.0 0.0 0.0 0.0 0.0 0.0 0.0 0.0 0.0 0.0 0.0 0.0 0.0 0.0 0.0 0.0 0.0 0.0 0.0 0.0 0.0 0.0 0.0 0.0 0.0 0.0 0.0 0.0 0.0 0.0 0.0 0.0 0.0 0.0 0.0 0.0 0.0 0.0 0.0 0.0 0.0 0.0 0.0 0.0 0.0 0.0 0.0 0.0 0.0 0.0 0.0
3.0 1.0 0.0 0.0 0.0 0.0 0.0 0.0 178.0 34.0 0.0 0.0 0.0 0.0 0.0 0.0 178.0 31.0 0.0 0.0 0.0 7.0 4.0 9.0 8.0 1.0 0.0 0.0 1.0 26.0 12.0 8.0 1.0 0.0 0.0 0.0 0.0 0.0 0.0 0.0 178.0 34.0 0.0 0.0 0.0 0.0 0.0 1.0 178.0 45.0 0.0 0.0 0.0 5.0 5.0 18.0 24.0 1.0 0.0 0.0 3.0 32.0 18.0 16.0 1.0 0.0 0.0 0.0 0.0 0.0 0.0 0.0 178.0 3.0 0.0 0.0 0.0 0.0 0.0 12.0 178.0 5.0 0.0 0.0 1.0 3.0 1.0 46.0 32.0 1.0 0.0 0.0 12.0 29.0 4.0 12.0 1.0 0.0 0.0 0.0 0.0 0.0 0.0 0.0 162.0 4.0 0.0 0.0 0.0 0.0 0.0 1.0 178.0 7.0 0.0 0.0 1.0 1.0 0.0 9.0 28.0 0.0 0.0 0.0 11.0 14.0 2.0 5.0
0.0 0.0 0.0 0.0 0.0 0.0 0.0 0.0 25.0 0.0 0.0 0.0 0.0 0.0 0.0 24.0 85.0 0.0 0.0 0.0 0.0 0.0 3.0 158.0 43.0 8.0 5.0 0.0 0.0 0.0 26.0 158.0 0.0 0.0 0.0 0.0 0.0 0.0 0.0 0.0 117.0 3.0 0.0 0.0 0.0 0.0 0.0 12.0 158.0 5.0 0.0 0.0 0.0 1.0 4.0 111.0 54.0 22.0 33.0 1.0 1.0 9.0 26.0 38.0 0.0 0.0 0.0 0.0 0.0 0.0 0.0 0.0 85.0 28.0 0.0 0.0 0.0 0.0 0.0 0.0 158.0 158.0 1.0 0.0 0.0 1.0 7.0 25.0 51.0 97.0 9.0 0.0 0.0 14.0 96.0 23.0 0.0 0.0 0.0 0.0 0.0 0.0 0.0 0.0 8.0 16.0 0.0 0.0 0.0 0.0 0.0 0.0 41.0 158.0 12.0 0.0 0.0 0.0 0.0 0.0 9.0 158.0 101.0 0.0 0.0 0.0 3.0 1.0
1.0 0.0 0.0 0.0 0.0 0.0 0.0 0.0 137.0 3.0 0.0 0.0 0.0 0.0 0.0 23.0 158.0 8.0 0.0 1.0 29.0 14.0 5.0 82.0 4.0 0.0 0.0 1.0 80.0 30.0 3.0 6.0 1.0 0.0 0.0 0.0 0.0 0.0 0.0 0.0 158.0 25.0 0.0 0.0 0.0 0.0 0.0 3.0 158.0 62.0 0.0 4.0 43.0 4.0 0.0 14.0 9.0 3.0 0.0 3.0 126.0 13.0 0.0 2.0 1.0 0.0 0.0 0.0 0.0 0.0 0.0 0.0 158.0 6.0 0.0 0.0 0.0 0.0 0.0 13.0 158.0 15.0 0.0 1.0 32.0 9.0 1.0 49.0 11.0 1.0 0.0 1.0 130.0 30.0 1.0 4.0 1.0 0.0 0.0 0.0 0.0 0.0 0.0 0.0 144.0 6.0 0.0 0.0 0.0 0.0 0.0 4.0 158.0 18.0 0.0 2.0 22.0 3.0 0.0 19.0 10.0 1.0 0.0 2.0 107.0 17.0 0.0 2.0
63.0 12.0 0.0 0.0 0.0 0.0 0.0 1.0 169.0 65.0 0.0 1.0 1.0 0.0 0.0 5.0 72.0 18.0 0.0 5.0 27.0 2.0 0.0 6.0 97.0 0.0 0.0 0.0 2.0 0.0 0.0 21.0 74.0 2.0 0.0 0.0 0.0 0.0 0.0 3.0 169.0 13.0 0.0 0.0 1.0 0.0 0.0 27.0 120.0 4.0 0.0 1.0 20.0 5.0 0.0 14.0 138.0 0.0 0.0 0.0 1.0 0.0 0.0 20.0 69.0 7.0 0.0 0.0 0.0 0.0 0.0 0.0 169.0 56.0 0.0 0.0 0.0 0.0 0.0 5.0 122.0 19.0 0.0 0.0 10.0 6.0 1.0 15.0 123.0 0.0 0.0 0.0 0.0 1.0 0.0 35.0 29.0 9.0 0.0 0.0 0.0 0.0 0.0 0.0 169.0 90.0 0.0 0.0 0.0 0.0 0.0 0.0 146.0 40.0 0.0 0.0 0.0 0.0 0.0 10.0 95.0 1.0 0.0 0.0 0.0 0.0 0.0 25.0
0.0 0.0 0.0 0.0 0.0 0.0 0.0 0.0 25.0 0.0 0.0 0.0 0.0 0.0 2.0 37.0 37.0 0.0 0.0 0.0 0.0 0.0 100.0 146.0 1.0 0.0 1.0 1.0 0.0 0.0 118.0 146.0 1.0 0.0 0.0 0.0 0.0 0.0 0.0 2.0 129.0 7.0 0.0 0.0 0.0 0.0 1.0 48.0 146.0 39.0 3.0 2.0 0.0 0.0 28.0 142.0 25.0 11.0 25.0 32.0 0.0 0.0 41.0 57.0 12.0 0.0 0.0 0.0 0.0 0.0 0.0 36.0 54.0 1.0 0.0 0.0 0.0 0.0 13.0 146.0 146.0 16.0 6.0 4.0 0.0 0.0 6.0 146.0 18.0 9.0 21.0 27.0 0.0 0.0 1.0 13.0 76.0 0.0 0.0 0.0 0.0 0.0 0.0 70.0 120.0 0.0 0.0 0.0 0.0 0.0 4.0 146.0 6.0 0.0 2.0 1.0 1.0 1.0 7.0 64.0 2.0 0.0 2.0 2.0 0.0 0.0 2.0 37.0
1.0 0.0 0.0 0.0 0.0 0.0 0.0 3.0 2.0 0.0 0.0 0.0 0.0 0.0 20.0 53.0 21.0 0.0 0.0 0.0 0.0 0.0 22.0 158.0 6.0 0.0 0.0 7.0 4.0 3.0 25.0 135.0 29.0 0.0 0.0 0.0 0.0 0.0 0.0 15.0 149.0 1.0 0.0 0.0 1.0 1.0 67.0 158.0 23.0 0.0 0.0 4.0 40.0 24.0 139.0 158.0 2.0 0.0 1.0 28.0 44.0 6.0 6.0 23.0 66.0 3.0 0.0 0.0 0.0 0.0 0.0 2.0 158.0 34.0 0.0 3.0 4.0 1.0 5.0 42.0 80.0 15.0 1.0 26.0 132.0 16.0 14.0 18.0 0.0 0.0 1.0 9.0 83.0 11.0 0.0 0.0 42.0 5.0 0.0 0.0 0.0 0.0 0.0 0.0 158.0 60.0 0.0 1.0 2.0 0.0 0.0 0.0 71.0 23.0 0.0 6.0 53.0 33.0 0.0 0.0 0.0 1.0 1.0 5.0 71.0 37.0 0.0 0.0
0.0 0.0 0.0 0.0 0.0 0.0 0.0 2.0 0.0 0.0 0.0 0.0 0.0 0.0 16.0 40.0 0.0 0.0 0.0 0.0 0.0 0.0 67.0 109.0 1.0 0.0 0.0 0.0 0.0 0.0 45.0 137.0 20.0 0.0 0.0 0.0 0.0 0.0 0.0 16.0 82.0 2.0 0.0 0.0 0.0 0.0 28.0 137.0 10.0 1.0 0.0 0.0 0.0 1.0 108.0 137.0 21.0 0.0 0.0 0.0 0.0 0.0 25.0 137.0 52.0 5.0 0.0 0.0 0.0 0.0 0.0 4.0 137.0 51.0 0.0 0.0 0.0 0.0 1.0 35.0 76.0 21.0 2.0 1.0 0.0 0.0 6.0 90.0 31.0 0.0 0.0 0.0 0.0 0.0 9.0 137.0 36.0 2.0 0.0 0.0 0.0 0.0 0.0 5.0 137.0 14.0 0.0 0.0 0.0 0.0 0.0 32.0 137.0 4.0 0.0 0.0 0.0 0.0 0.0 123.0 109.0 6.0 0.0 0.0 0.0 0.0 7.0 137.0
12.0 0.0 0.0 0.0 0.0 0.0 0.0 3.0 155.0 0.0 0.0 0.0 0.0 0.0 0.0 56.0 155.0 0.0 0.0 0.0 0.0 0.0 0.0 44.0 47.0 0.0 0.0 0.0 0.0 0.0 0.0 14.0 32.0 1.0 0.0 0.0 0.0 0.0 0.0 5.0 155.0 5.0 0.0 0.0 0.0 0.0 0.0 64.0 155.0 3.0 0.0 0.0 0.0 0.0 0.0 39.0 59.0 0.0 0.0 0.0 0.0 0.0 2.0 25.0 30.0 6.0 0.0 0.0 0.0 0.0 0.0 0.0 155.0 83.0 0.0 0.0 0.0 0.0 0.0 4.0 155.0 50.0 0.0 0.0 0.0 0.0 0.0 6.0 76.0 1.0 0.0 0.0 0.0 0.0 1.0 22.0 7.0 4.0 0.0 0.0 0.0 0.0 0.0 0.0 131.0 111.0 0.0 0.0 0.0 0.0 0.0 0.0 155.0 155.0 0.0 0.0 0.0 0.0 0.0 1.0 62.0 36.0 0.0 0.0 0.0 0.0 0.0 5.0
11.0 2.0 2.0 17.0 24.0 3.0 0.0 2.0 153.0 3.0 2.0 3.0 1.0 1.0 0.0 64.0 152.0 1.0 0.0 0.0 0.0 0.0 0.0 44.0 2.0 0.0 0.0 0.0 0.0 0.0 0.0 1.0 27.0 3.0 1.0 8.0 32.0 7.0 0.0 6.0 153.0 36.0 1.0 1.0 3.0 1.0 0.0 61.0 133.0 40.0 6.0 0.0 0.0 0.0 0.0 17.0 4.0 7.0 1.0 0.0 0.0 0.0 0.0 0.0 12.0 18.0 9.0 42.0 39.0 3.0 2.0 2.0 153.0 153.0 12.0 13.0 7.0 1.0 3.0 41.0 139.0 116.0 4.0 0.0 0.0 0.0 0.0 38.0 17.0 5.0 0.0 0.0 0.0 0.0 0.0 7.0 1.0 2.0 1.0 13.0 26.0 19.0 84.0 67.0 77.0 24.0 2.0 4.0 5.0 4.0 79.0 153.0 71.0 6.0 0.0 0.0 0.0 0.0 2.0 134.0 3.0 0.0 0.0 0.0 0.0 0.0 0.0 6.0
21.0 0.0 0.0 0.0 0.0 0.0 0.0 5.0 172.0 0.0 0.0 0.0 2.0 1.0 0.0 89.0 77.0 0.0 0.0 0.0 96.0 24.0 3.0 44.0 16.0 0.0 0.0 0.0 16.0 5.0 3.0 24.0 51.0 0.0 0.0 0.0 0.0 0.0 0.0 6.0 172.0 8.0 0.0 0.0 7.0 4.0 2.0 91.0 82.0 2.0 0.0 3.0 148.0 37.0 6.0 31.0 28.0 0.0 0.0 0.0 21.0 7.0 1.0 15.0 52.0 5.0 0.0 0.0 0.0 0.0 0.0 0.0 172.0 72.0 2.0 3.0 9.0 1.0 0.0 7.0 89.0 24.0 3.0 28.0 156.0 4.0 0.0 3.0 40.0 0.0 0.0 5.0 22.0 1.0 0.0 22.0 30.0 2.0 0.0 0.0 0.0 0.0 0.0 0.0 172.0 35.0 0.0 1.0 6.0 0.0 0.0 0.0 94.0 14.0 1.0 12.0 115.0 0.0 0.0 0.0 59.0 2.0 0.0 2.0 15.0 0.0 0.0 10.0
2.0 0.0 0.0 0.0 0.0 0.0 0.0 0.0 177.0 13.0 0.0 0.0 0.0 0.0 0.0 6.0 177.0 45.0 1.0 0.0 0.0 1.0 0.0 13.0 18.0 9.0 11.0 5.0 2.0 17.0 9.0 1.0 1.0 0.0 0.0 0.0 0.0 0.0 0.0 0.0 177.0 25.0 0.0 0.0 0.0 0.0 0.0 2.0 177.0 60.0 1.0 0.0 0.0 1.0 2.0 16.0 28.0 8.0 14.0 9.0 3.0 9.0 10.0 8.0 1.0 0.0 0.0 0.0 0.0 0.0 0.0 0.0 177.0 7.0 0.0 0.0 0.0 0.0 0.0 20.0 177.0 27.0 1.0 2.0 0.0 0.0 1.0 52.0 29.0 7.0 6.0 13.0 2.0 5.0 8.0 9.0 1.0 0.0 0.0 0.0 0.0 0.0 0.0 0.0 113.0 34.0 0.0 0.0 0.0 0.0 0.0 1.0 177.0 109.0 0.0 0.0 0.0 0.0 0.0 4.0 39.0 9.0 2.0 3.0 2.0 1.0 8.0 9.0
62.0 4.0 0.0 0.0 0.0 0.0 0.0 0.0 213.0 36.0 0.0 0.0 0.0 0.0 0.0 3.0 87.0 13.0 1.0 6.0 14.0 2.0 0.0 3.0 23.0 1.0 0.0 1.0 4.0 1.0 0.0 11.0 76.0 1.0 0.0 0.0 0.0 0.0 0.0 1.0 213.0 5.0 0.0 0.0 0.0 0.0 1.0 27.0 121.0 2.0 0.0 1.0 9.0 22.0 6.0 22.0 25.0 0.0 0.0 0.0 2.0 4.0 3.0 31.0 76.0 2.0 0.0 0.0 0.0 0.0 0.0 0.0 213.0 23.0 0.0 0.0 0.0 0.0 0.0 5.0 129.0 19.0 5.0 17.0 10.0 7.0 1.0 4.0 37.0 18.0 3.0 4.0 2.0 2.0 1.0 8.0 51.0 4.0 0.0 0.0 0.0 0.0 0.0 0.0 213.0 45.0 0.0 0.0 0.0 0.0 0.0 2.0 101.0 19.0 3.0 9.0 20.0 5.0 0.0 2.0 31.0 29.0 3.0 3.0 6.0 1.0 0.0 0.0
0.0 0.0 0.0 0.0 0.0 0.0 0.0 0.0 52.0 0.0 0.0 0.0 0.0 0.0 0.0 17.0 146.0 0.0 0.0 0.0 0.0 2.0 6.0 114.0 133.0 36.0 0.0 0.0 3.0 8.0 9.0 35.0 0.0 0.0 0.0 0.0 0.0 0.0 0.0 0.0 125.0 4.0 0.0 0.0 0.0 0.0 0.0 15.0 146.0 20.0 0.0 0.0 2.0 12.0 10.0 97.0 78.0 13.0 0.0 0.0 10.0 41.0 27.0 76.0 0.0 0.0 0.0 0.0 0.0 0.0 0.0 0.0 114.0 22.0 0.0 0.0 0.0 0.0 0.0 4.0 146.0 127.0 0.0 0.0 0.0 2.0 5.0 36.0 86.0 22.0 0.0 0.0 0.0 9.0 32.0 103.0 0.0 0.0 0.0 0.0 0.0 0.0 0.0 0.0 16.0 25.0 0.0 0.0 0.0 0.0 0.0 0.0 146.0 146.0 0.0 0.0 0.0 0.0 0.0 9.0 146.0 46.0 0.0 1.0 1.0 0.0 3.0 55.0
0.0 0.0 0.0 0.0 0.0 0.0 0.0 0.0 110.0 0.0 0.0 0.0 0.0 0.0 0.0 24.0 187.0 1.0 0.0 1.0 3.0 0.0 0.0 97.0 30.0 0.0 0.0 16.0 36.0 2.0 0.0 13.0 1.0 0.0 0.0 0.0 0.0 0.0 0.0 0.0 185.0 8.0 0.0 0.0 0.0 0.0 0.0 3.0 187.0 19.0 0.0 2.0 10.0 0.0 0.0 10.0 30.0 1.0 0.0 23.0 58.0 0.0 0.0 1.0 1.0 0.0 0.0 0.0 0.0 0.0 0.0 0.0 176.0 5.0 0.0 0.0 0.0 0.0 0.0 2.0 187.0 32.0 1.0 5.0 11.0 0.0 0.0 3.0 27.0 5.0 1.0 17.0 59.0 2.0 0.0 0.0 1.0 0.0 0.0 0.0 0.0 0.0 0.0 0.0 130.0 1.0 0.0 0.0 0.0 0.0 0.0 22.0 187.0 15.0 3.0 10.0 3.0 0.0 0.0 38.0 15.0 4.0 14.0 39.0 12.0 1.0 0.0 0.0
1.0 0.0 0.0 0.0 0.0 0.0 0.0 3.0 23.0 0.0 0.0 0.0 0.0 0.0 0.0 108.0 84.0 2.0 2.0 0.0 0.0 0.0 0.0 155.0 27.0 5.0 27.0 13.0 0.0 0.0 6.0 155.0 22.0 1.0 0.0 0.0 0.0 0.0 0.0 15.0 155.0 7.0 0.0 0.0 0.0 0.0 0.0 155.0 122.0 14.0 27.0 11.0 1.0 0.0 0.0 155.0 13.0 9.0 92.0 60.0 1.0 1.0 0.0 10.0 40.0 7.0 0.0 0.0 0.0 0.0 0.0 4.0 155.0 59.0 0.0 0.0 0.0 0.0 0.0 47.0 107.0 17.0 6.0 12.0 13.0 13.0 2.0 20.0 0.0 0.0 11.0 18.0 6.0 18.0 15.0 0.0 39.0 0.0 0.0 0.0 0.0 0.0 0.0 19.0 155.0 3.0 0.0 0.0 0.0 0.0 0.0 122.0 60.0 1.0 0.0 1.0 10.0 9.0 3.0 31.0 0.0 0.0 0.0 0.0 2.0 9.0 15.0 3.0
7.0 0.0 0.0 0.0 0.0 0.0 0.0 4.0 88.0 0.0 0.0 0.0 0.0 0.0 0.0 84.0 105.0 2.0 0.0 0.0 0.0 0.0 3.0 129.0 66.0 7.0 0.0 0.0 1.0 4.0 49.0 129.0 27.0 1.0 0.0 0.0 0.0 0.0 0.0 5.0 129.0 8.0 0.0 0.0 0.0 0.0 0.0 76.0 129.0 21.0 0.0 0.0 0.0 0.0 0.0 70.0 129.0 73.0 6.0 2.0 1.0 1.0 1.0 12.0 22.0 6.0 0.0 0.0 0.0 0.0 0.0 0.0 129.0 108.0 0.0 0.0 0.0 0.0 0.0 5.0 124.0 129.0 1.0 0.0 0.0 0.0 0.0 7.0 84.0 110.0 4.0 0.0 0.0 0.0 0.0 1.0 3.0 3.0 0.0 0.0 0.0 0.0 0.0 0.0 33.0 103.0 2.0 0.0 0.0 0.0 0.0 0.0 14.0 129.0 27.0 0.0 0.0 0.0 0.0 0.0 7.0 129.0 41.0 0.0 0.0 0.0 0.0 0.0
76.0 7.0 0.0 0.0 0.0 0.0 0.0 1.0 150.0 31.0 0.0 0.0 0.0 0.0 0.0 18.0 94.0 49.0 30.0 9.0 0.0 0.0 0.0 6.0 0.0 11.0 47.0 27.0 0.0 0.0 0.0 0.0 101.0 7.0 0.0 0.0 0.0 0.0 0.0 3.0 150.0 48.0 3.0 2.0 2.0 2.0 2.0 67.0 51.0 18.0 39.0 43.0 38.0 7.0 4.0 25.0 0.0 32.0 60.0 15.0 2.0 0.0 0.0 0.0 40.0 27.0 0.0 0.0 0.0 0.0 0.0 0.0 149.0 150.0 67.0 4.0 1.0 1.0 0.0 3.0 12.0 116.0 150.0 64.0 21.0 1.0 0.0 1.0 0.0 55.0 123.0 18.0 2.0 0.0 0.0 0.0 1.0 5.0 0.0 0.0 0.0 0.0 0.0 0.0 2.0 66.0 33.0 0.0 0.0 0.0 0.0 0.0 0.0 81.0 135.0 1.0 0.0 0.0 0.0 0.0 0.0 24.0 150.0 16.0 0.0 0.0 0.0 0.0
20.0 0.0 0.0 0.0 0.0 0.0 0.0 7.0 183.0 0.0 0.0 0.0 0.0 0.0 0.0 143.0 99.0 1.0 3.0 22.0 12.0 2.0 1.0 94.0 1.0 0.0 2.0 49.0 26.0 1.0 1.0 2.0 55.0 0.0 0.0 0.0 0.0 0.0 0.0 4.0 183.0 5.0 0.0 0.0 1.0 2.0 1.0 63.0 106.0 1.0 0.0 8.0 83.0 19.0 2.0 30.0 5.0 0.0 0.0 13.0 38.0 4.0 1.0 12.0 54.0 4.0 0.0 0.0 0.0 0.0 0.0 0.0 183.0 43.0 0.0 0.0 2.0 1.0 0.0 3.0 134.0 13.0 0.0 5.0 106.0 13.0 0.0 2.0 7.0 7.0 2.0 4.0 44.0 6.0 0.0 4.0 33.0 2.0 0.0 0.0 0.0 0.0 0.0 0.0 183.0 43.0 0.0 1.0 1.0 0.0 0.0 0.0 107.0 24.0 3.0 32.0 55.0 2.0 0.0 1.0 0.0 1.0 1.0 10.0 24.0 1.0 5.0 22.0
37.0 2.0 0.0 0.0 0.0 0.0 0.0 3.0 117.0 34.0 7.0 12.0 11.0 6.0 6.0 22.0 58.0 5.0 4.0 24.0 41.0 21.0 8.0 8.0 143.0 4.0 0.0 0.0 0.0 0.0 0.0 4.0 59.0 1.0 0.0 0.0 0.0 0.0 0.0 7.0 143.0 7.0 0.0 1.0 7.0 23.0 26.0 90.0 55.0 4.0 0.0 4.0 74.0 113.0 34.0 25.0 143.0 17.0 0.0 0.0 6.0 4.0 1.0 4.0 67.0 4.0 0.0 0.0 0.0 0.0 0.0 0.0 143.0 29.0 2.0 10.0 20.0 3.0 2.0 9.0 60.0 15.0 2.0 55.0 143.0 16.0 2.0 3.0 143.0 36.0 0.0 5.0 13.0 1.0 0.0 0.0 36.0 7.0 0.0 0.0 0.0 0.0 0.0 0.0 143.0 85.0 5.0 8.0 11.0 0.0 0.0 0.0 31.0 25.0 6.0 26.0 111.0 14.0 1.0 3.0 143.0 22.0 0.0 1.0 7.0 4.0 1.0 4.0
37.0 0.0 0.0 0.0 0.0 0.0 0.0 3.0 206.0 3.0 0.0 0.0 0.0 0.0 0.0 37.0 124.0 1.0 0.0 0.0 0.0 0.0 0.0 23.0 9.0 2.0 0.0 0.0 0.0 0.0 0.0 3.0 54.0 1.0 0.0 0.0 0.0 0.0 0.0 1.0 206.0 7.0 0.0 0.0 0.0 0.0 0.0 13.0 159.0 7.0 0.0 0.0 0.0 0.0 0.0 6.0 6.0 5.0 1.0 2.0 1.0 0.0 0.0 1.0 55.0 1.0 0.0 0.0 0.0 0.0 0.0 1.0 206.0 12.0 0.0 0.0 0.0 0.0 0.0 8.0 152.0 11.0 0.0 0.0 0.0 0.0 0.0 6.0 7.0 3.0 1.0 1.0 1.0 0.0 0.0 1.0 38.0 3.0 0.0 0.0 0.0 0.0 0.0 0.0 206.0 35.0 0.0 0.0 0.0 0.0 0.0 4.0 124.0 9.0 0.0 0.0 0.0 0.0 3.0 13.0 1.0 0.0 0.0 0.0 0.0 1.0 2.0 3.0
4.0 2.0 0.0 0.0 0.0 0.0 0.0 0.0 152.0 102.0 0.0 0.0 0.0 0.0 0.0 0.0 152.0 147.0 0.0 0.0 0.0 1.0 1.0 0.0 17.0 25.0 4.0 1.0 0.0 6.0 7.0 9.0 1.0 0.0 0.0 0.0 0.0 0.0 0.0 0.0 142.0 52.0 0.0 0.0 0.0 0.0 0.0 3.0 152.0 97.0 0.0 0.0 0.0 0.0 0.0 22.0 49.0 21.0 4.0 0.0 0.0 2.0 2.0 6.0 0.0 0.0 0.0 0.0 0.0 0.0 0.0 0.0 139.0 22.0 0.0 0.0 0.0 0.0 0.0 13.0 152.0 125.0 24.0 2.0 1.0 0.0 1.0 63.0 29.0 48.0 21.0 5.0 2.0 1.0 2.0 9.0 0.0 0.0 0.0 0.0 0.0 0.0 0.0 0.0 24.0 37.0 0.0 0.0 0.0 0.0 0.0 0.0 68.0 152.0 35.0 0.0 0.0 0.0 0.0 0.0 92.0 132.0 19.0 1.0 0.0 0.0 0.0 0.0
0.0 0.0 0.0 0.0 0.0 0.0 0.0 0.0 39.0 0.0 0.0 0.0 0.0 0.0 0.0 35.0 136.0 0.0 0.0 1.0 4.0 1.0 3.0 144.0 26.0 0.0 0.0 30.0 90.0 5.0 6.0 83.0 1.0 0.0 0.0 0.0 0.0 0.0 0.0 0.0 144.0 8.0 0.0 0.0 0.0 0.0 0.0 15.0 144.0 53.0 5.0 21.0 16.0 1.0 2.0 75.0 21.0 8.0 4.0 92.0 135.0 2.0 2.0 17.0 1.0 0.0 0.0 0.0 0.0 0.0 0.0 1.0 138.0 2.0 0.0 0.0 0.0 0.0 0.0 54.0 144.0 26.0 7.0 39.0 21.0 0.0 0.0 63.0 41.0 5.0 4.0 93.0 61.0 0.0 0.0 23.0 8.0 0.0 0.0 0.0 0.0 0.0 0.0 5.0 142.0 0.0 0.0 0.0 0.0 0.0 0.0 115.0 99.0 0.0 0.0 32.0 49.0 0.0 0.0 80.0 62.0 0.0 0.0 24.0 35.0 0.0 0.0 52.0
0.0 0.0 0.0 0.0 0.0 0.0 0.0 0.0 32.0 0.0 0.0 0.0 0.0 0.0 0.0 34.0 112.0 0.0 0.0 0.0 3.0 1.0 2.0 151.0 17.0 0.0 0.0 29.0 67.0 4.0 7.0 109.0 1.0 0.0 0.0 0.0 0.0 0.0 0.0 0.0 150.0 3.0 0.0 0.0 0.0 0.0 0.0 20.0 151.0 28.0 2.0 16.0 15.0 1.0 1.0 92.0 17.0 5.0 2.0 91.0 131.0 2.0 1.0 15.0 1.0 0.0 0.0 0.0 0.0 0.0 0.0 0.0 151.0 2.0 0.0 0.0 0.0 0.0 0.0 13.0 151.0 30.0 4.0 27.0 23.0 0.0 0.0 13.0 11.0 6.0 3.0 96.0 109.0 0.0 0.0 0.0 2.0 0.0 0.0 0.0 0.0 0.0 0.0 1.0 132.0 0.0 0.0 0.0 0.0 0.0 0.0 49.0 151.0 2.0 0.0 12.0 39.0 0.0 0.0 53.0 5.0 0.0 0.0 24.0 95.0 2.0 1.0 4.0
31.0 0.0 0.0 0.0 0.0 0.0 0.0 4.0 158.0 1.0 0.0 0.0 0.0 0.0 1.0 40.0 110.0 4.0 2.0 0.0 0.0 0.0 6.0 33.0 124.0 1.0 0.0 0.0 0.0 0.0 0.0 20.0 52.0 0.0 0.0 0.0 0.0 0.0 0.0 1.0 158.0 2.0 0.0 0.0 0.0 0.0 2.0 36.0 121.0 3.0 1.0 0.0 0.0 1.0 19.0 54.0 132.0 0.0 0.0 0.0 0.0 0.0 0.0 35.0 54.0 0.0 0.0 0.0 0.0 0.0 0.0 6.0 158.0 18.0 1.0 0.0 0.0 0.0 0.0 22.0 139.0 40.0 10.0 0.0 0.0 0.0 1.0 8.0 148.0 3.0 0.0 0.0 0.0 0.0 0.0 20.0 52.0 0.0 0.0 0.0 0.0 0.0 0.0 33.0 158.0 4.0 0.0 0.0 0.0 0.0 0.0 98.0 122.0 12.0 1.0 0.0 0.0 0.0 0.0 19.0 117.0 6.0 1.0 0.0 0.0 0.0 0.0 9.0
2.0 2.0 0.0 0.0 0.0 0.0 0.0 1.0 179.0 12.0 0.0 0.0 0.0 0.0 0.0 5.0 179.0 22.0 1.0 2.0 1.0 0.0 0.0 9.0 23.0 10.0 2.0 4.0 1.0 0.0 0.0 1.0 1.0 1.0 0.0 0.0 0.0 0.0 0.0 0.0 179.0 24.0 0.0 0.0 0.0 0.0 0.0 2.0 179.0 68.0 1.0 1.0 0.0 0.0 0.0 10.0 26.0 24.0 4.0 4.0 2.0 0.0 0.0 1.0 1.0 0.0 0.0 0.0 0.0 0.0 0.0 0.0 179.0 4.0 0.0 0.0 0.0 0.0 0.0 14.0 179.0 10.0 0.0 1.0 5.0 0.0 0.0 48.0 27.0 12.0 2.0 3.0 11.0 1.0 0.0 4.0 1.0 0.0 0.0 0.0 0.0 0.0 0.0 0.0 141.0 21.0 0.0 0.0 0.0 0.0 0.0 1.0 179.0 78.0 2.0 3.0 5.0 0.0 0.0 2.0 15.0 17.0 6.0 10.0 9.0 0.0 0.0 0.0
0.0 0.0 0.0 0.0 0.0 0.0 0.0 0.0 24.0 0.0 0.0 0.0 0.0 0.0 2.0 36.0 36.0 0.0 0.0 0.0 0.0 0.0 45.0 168.0 8.0 0.0 0.0 0.0 0.0 0.0 28.0 168.0 1.0 0.0 0.0 0.0 0.0 0.0 0.0 0.0 137.0 14.0 0.0 0.0 0.0 0.0 0.0 20.0 168.0 32.0 0.0 0.0 0.0 0.0 8.0 127.0 61.0 5.0 0.0 0.0 0.0 0.0 7.0 65.0 1.0 0.0 0.0 0.0 0.0 0.0 0.0 0.0 155.0 3.0 0.0 0.0 0.0 0.0 0.0 15.0 168.0 10.0 0.0 0.0 0.0 0.0 0.0 47.0 72.0 6.0 0.0 0.0 0.0 0.0 2.0 49.0 2.0 0.0 0.0 0.0 0.0 0.0 0.0 1.0 130.0 0.0 0.0 0.0 0.0 0.0 0.0 67.0 168.0 5.0 0.0 0.0 0.0 0.0 0.0 97.0 70.0 19.0 0.0 0.0 0.0 0.0 0.0 7.0
0.0 0.0 0.0 0.0 0.0 0.0 0.0 0.0 94.0 1.0 0.0 0.0 0.0 0.0 0.0 28.0 174.0 1.0 0.0 0.0 0.0 0.0 0.0 118.0 68.0 1.0 0.0 2.0 1.0 0.0 0.0 36.0 1.0 0.0 0.0 0.0 0.0 0.0 0.0 0.0 166.0 13.0 0.0 0.0 0.0 0.0 0.0 7.0 174.0 27.0 0.0 0.0 0.0 0.0 0.0 26.0 71.0 5.0 2.0 12.0 3.0 0.0 0.0 6.0 1.0 0.0 0.0 0.0 0.0 0.0 0.0 0.0 157.0 16.0 0.0 0.0 0.0 0.0 0.0 12.0 174.0 75.0 1.0 0.0 0.0 0.0 0.0 31.0 44.0 22.0 6.0 21.0 8.0 0.0 0.0 1.0 0.0 0.0 0.0 0.0 0.0 0.0 0.0 0.0 40.0 42.0 0.0 0.0 0.0 0.0 0.0 0.0 101.0 174.0 5.0 0.0 0.0 0.0 0.0 0.0 7.0 167.0 23.0 3.0 5.0 1.0 0.0 0.0
25.0 0.0 0.0 0.0 0.0 0.0 0.0 12.0 158.0 0.0 0.0 0.0 0.0 0.0 0.0 157.0 95.0 0.0 1.0 13.0 20.0 2.0 1.0 107.0 37.0 1.0 1.0 21.0 12.0 1.0 1.0 82.0 71.0 0.0 0.0 0.0 0.0 0.0 0.0 6.0 158.0 7.0 1.0 1.0 0.0 0.0 0.0 63.0 105.0 8.0 3.0 26.0 34.0 3.0 1.0 33.0 80.0 20.0 28.0 36.0 7.0 1.0 1.0 43.0 73.0 4.0 0.0 0.0 0.0 0.0 0.0 1.0 158.0 65.0 5.0 4.0 0.0 0.0 0.0 3.0 64.0 44.0 32.0 59.0 5.0 0.0 0.0 1.0 13.0 23.0 51.0 158.0 4.0 0.0 0.0 1.0 51.0 1.0 0.0 0.0 0.0 0.0 0.0 5.0 158.0 28.0 3.0 2.0 0.0 0.0 0.0 10.0 34.0 18.0 25.0 72.0 5.0 0.0 0.0 0.0 5.0 0.0 10.0 117.0 18.0 0.0 0.0 7.0
7.0 0.0 0.0 0.0 0.0 0.0 0.0 4.0 138.0 0.0 0.0 0.0 0.0 0.0 0.0 131.0 138.0 8.0 20.0 32.0 1.0 0.0 0.0 138.0 11.0 3.0 46.0 94.0 1.0 0.0 0.0 11.0 30.0 1.0 0.0 0.0 0.0 0.0 0.0 6.0 138.0 19.0 0.0 1.0 1.0 0.0 0.0 95.0 117.0 11.0 8.0 47.0 28.0 1.0 2.0 35.0 5.0 3.0 21.0 47.0 15.0 1.0 6.0 13.0 22.0 8.0 0.0 0.0 0.0 0.0 0.0 0.0 138.0 138.0 4.0 1.0 0.0 0.0 0.0 4.0 50.0 138.0 43.0 14.0 14.0 0.0 0.0 1.0 0.0 7.0 23.0 28.0 56.0 15.0 1.0 1.0 1.0 2.0 0.0 0.0 0.0 0.0 0.0 0.0 15.0 115.0 6.0 0.0 0.0 0.0 0.0 0.0 3.0 138.0 92.0 0.0 0.0 0.0 0.0 0.0 0.0 85.0 93.0 4.0 7.0 7.0 1.0 0.0
0.0 0.0 0.0 0.0 0.0 0.0 0.0 0.0 92.0 0.0 0.0 0.0 0.0 0.0 0.0 21.0 192.0 0.0 0.0 0.0 0.0 0.0 0.0 98.0 51.0 0.0 0.0 3.0 5.0 1.0 0.0 18.0 1.0 0.0 0.0 0.0 0.0 0.0 0.0 0.0 175.0 1.0 0.0 0.0 0.0 0.0 0.0 6.0 192.0 2.0 0.0 0.0 1.0 0.0 0.0 27.0 50.0 0.0 0.0 4.0 14.0 2.0 0.0 6.0 1.0 0.0 0.0 0.0 0.0 0.0 0.0 0.0 184.0 1.0 0.0 0.0 0.0 0.0 0.0 4.0 192.0 18.0 2.0 1.0 0.0 0.0 0.0 8.0 41.0 10.0 7.0 14.0 10.0 0.0 0.0 0.0 1.0 0.0 0.0 0.0 0.0 0.0 0.0 0.0 124.0 15.0 0.0 0.0 0.0 0.0 0.0 0.0 192.0 75.0 1.0 0.0 0.0 0.0 0.0 0.0 23.0 31.0 8.0 2.0 2.0 0.0 0.0 0.0
25.0 0.0 0.0 0.0 0.0 0.0 0.0 1.0 170.0 0.0 0.0 0.0 0.0 0.0 0.0 24.0 170.0 1.0 0.0 0.0 0.0 0.0 0.0 22.0 73.0 3.0 0.0 0.0 0.0 0.0 0.0 24.0 42.0 0.0 0.0 0.0 0.0 0.0 0.0 3.0 170.0 1.0 0.0 0.0 0.0 0.0 0.0 35.0 170.0 12.0 0.0 0.0 0.0 0.0 0.0 12.0 80.0 37.0 0.0 0.0 0.0 0.0 0.0 2.0 46.0 3.0 0.0 0.0 0.0 0.0 0.0 1.0 170.0 25.0 0.0 0.0 0.0 0.0 0.0 6.0 170.0 30.0 0.0 0.0 0.0 0.0 0.0 5.0 68.0 29.0 0.0 0.0 0.0 0.0 0.0 3.0 25.0 4.0 0.0 0.0 0.0 0.0 0.0 0.0 170.0 37.0 0.0 0.0 0.0 0.0 0.0 1.0 165.0 18.0 0.0 0.0 0.0 0.0 0.0 12.0 48.0 10.0 0.0 0.0 0.0 0.0 0.0 8.0
4.0 0.0 0.0 0.0 0.0 0.0 0.0 2.0 146.0 0.0 0.0 0.0 0.0 0.0 0.0 117.0 134.0 0.0 0.0 0.0 0.0 1.0 5.0 146.0 1.0 1.0 1.0 0.0 1.0 1.0 9.0 16.0 20.0 0.0 0.0 0.0 0.0 0.0 0.0 5.0 146.0 6.0 0.0 0.0 0.0 0.0 0.0 103.0 146.0 4.0 1.0 2.0 1.0 1.0 1.0 54.0 0.0 1.0 2.0 5.0 9.0 1.0 1.0 0.0 22.0 4.0 0.0 0.0 0.0 0.0 0.0 0.0 146.0 98.0 0.0 0.0 0.0 0.0 0.0 8.0 146.0 55.0 3.0 3.0 0.0 0.0 0.0 3.0 0.0 1.0 3.0 4.0 5.0 2.0 0.0 0.0 4.0 2.0 0.0 0.0 0.0 0.0 0.0 0.0 146.0 127.0 0.0 0.0 0.0 0.0 0.0 0.0 123.0 146.0 2.0 1.0 0.0 0.0 0.0 0.0 7.0 12.0 2.0 2.0 0.0 0.0 1.0 4.0
0.0 0.0 0.0 0.0 0.0 0.0 0.0 2.0 1.0 0.0 0.0 0.0 0.0 0.0 21.0 41.0 0.0 0.0 0.0 0.0 0.0 0.0 77.0 147.0 0.0 0.0 0.0 0.0 0.0 0.0 71.0 157.0 23.0 0.0 0.0 0.0 0.0 0.0 0.0 13.0 147.0 3.0 0.0 0.0 0.0 0.0 52.0 157.0 25.0 2.0 0.0 6.0 7.0 6.0 157.0 157.0 0.0 0.0 0.0 2.0 3.0 6.0 67.0 92.0 53.0 2.0 0.0 0.0 0.0 0.0 0.0 3.0 157.0 42.0 1.0 1.0 0.0 0.0 2.0 46.0 102.0 25.0 4.0 33.0 18.0 4.0 15.0 28.0 22.0 0.0 0.0 6.0 4.0 2.0 5.0 56.0 46.0 0.0 0.0 0.0 0.0 0.0 0.0 8.0 157.0 4.0 0.0 0.0 0.0 0.0 0.0 60.0 80.0 3.0 0.0 2.0 5.0 10.0 4.0 29.0 43.0 0.0 0.0 0.0 0.0 1.0 1.0 40.0
48.0 6.0 0.0 0.0 0.0 0.0 0.0 0.0 158.0 36.0 0.0 0.0 0.0 0.0 0.0 7.0 150.0 11.0 0.0 0.0 0.0 0.0 0.0 12.0 118.0 11.0 0.0 0.0 0.0 0.0 0.0 2.0 63.0 1.0 0.0 0.0 0.0 0.0 0.0 4.0 158.0 5.0 0.0 0.0 0.0 0.0 0.0 38.0 158.0 13.0 0.0 0.0 0.0 0.0 0.0 23.0 121.0 27.0 0.0 0.0 0.0 0.0 0.0 0.0 64.0 5.0 0.0 0.0 0.0 0.0 0.0 1.0 158.0 40.0 0.0 0.0 0.0 0.0 0.0 4.0 139.0 34.0 0.0 0.0 0.0 0.0 0.0 3.0 137.0 15.0 0.0 0.0 0.0 0.0 0.0 2.0 40.0 4.0 0.0 0.0 0.0 0.0 0.0 0.0 158.0 36.0 0.0 0.0 0.0 0.0 0.0 1.0 129.0 14.0 0.0 0.0 0.0 0.0 0.0 17.0 101.0 1.0 0.0 0.0 0.0 0.0 0.0 19.0
0.0 0.0 0.0 0.0 0.0 0.0 0.0 0.0 22.0 0.0 0.0 0.0 0.0 0.0 0.0 31.0 58.0 3.0 0.0 0.0 0.0 0.0 22.0 158.0 91.0 8.0 0.0 0.0 0.0 0.0 11.0 158.0 1.0 0.0 0.0 0.0 0.0 0.0 0.0 0.0 137.0 0.0 0.0 0.0 0.0 0.0 0.0 21.0 158.0 0.0 0.0 0.0 0.0 0.0 3.0 141.0 81.0 0.0 0.0 0.0 0.0 0.0 3.0 85.0 1.0 0.0 0.0 0.0 0.0 0.0 0.0 0.0 152.0 15.0 0.0 0.0 0.0 0.0 0.0 5.0 158.0 65.0 0.0 0.0 0.0 0.0 0.0 16.0 100.0 12.0 0.0 0.0 0.0 0.0 0.0 18.0 0.0 0.0 0.0 0.0 0.0 0.0 0.0 0.0 51.0 26.0 0.0 0.0 0.0 0.0 0.0 14.0 158.0 123.0 0.0 0.0 0.0 0.0 0.0 51.0 102.0 33.0 0.0 0.0 0.0 0.0 0.0 16.0
56.0 1.0 0.0 0.0 0.0 0.0 0.0 1.0 193.0 19.0 0.0 0.0 0.0 0.0 0.0 6.0 108.0 46.0 8.0 2.0 2.0 0.0 0.0 2.0 16.0 77.0 57.0 6.0 1.0 0.0 0.0 1.0 72.0 1.0 0.0 0.0 0.0 0.0 0.0 2.0 193.0 5.0 0.0 0.0 1.0 0.0 0.0 26.0 116.0 7.0 9.0 19.0 31.0 1.0 1.0 12.0 27.0 39.0 36.0 10.0 4.0 0.0 0.0 3.0 69.0 3.0 0.0 0.0 0.0 0.0 0.0 0.0 193.0 25.0 0.0 0.0 2.0 0.0 0.0 4.0 119.0 6.0 4.0 27.0 87.0 5.0 0.0 3.0 73.0 31.0 10.0 15.0 18.0 1.0 0.0 4.0 43.0 4.0 0.0 0.0 0.0 0.0 0.0 0.0 193.0 51.0 0.0 0.0 1.0 0.0 0.0 1.0 102.0 20.0 1.0 3.0 85.0 14.0 1.0 4.0 46.0 3.0 0.0 1.0 21.0 5.0 2.0 33.0
1.0 0.0 0.0 0.0 0.0 0.0 0.0 0.0 53.0 1.0 0.0 0.0 0.0 0.0 0.0 64.0 155.0 2.0 0.0 0.0 1.0 0.0 1.0 155.0 50.0 2.0 2.0 4.0 5.0 2.0 2.0 60.0 2.0 0.0 0.0 0.0 0.0 0.0 0.0 0.0 155.0 36.0 0.0 0.0 0.0 0.0 0.0 25.0 155.0 92.0 2.0 1.0 1.0 0.0 1.0 81.0 18.0 14.0 5.0 5.0 8.0 2.0 1.0 9.0 2.0 0.0 0.0 0.0 0.0 0.0 0.0 1.0 155.0 7.0 0.0 0.0 0.0 0.0 0.0 66.0 155.0 19.0 2.0 2.0 2.0 1.0 1.0 123.0 17.0 15.0 19.0 9.0 4.0 1.0 0.0 3.0 5.0 0.0 0.0 0.0 0.0 0.0 0.0 2.0 155.0 0.0 0.0 0.0 0.0 0.0 0.0 84.0 155.0 0.0 0.0 3.0 20.0 3.0 2.0 98.0 1.0 3.0 5.0 7.0 22.0 3.0 0.0 1.0
9.0 0.0 0.0 0.0 0.0 0.0 0.0 4.0 153.0 0.0 0.0 0.0 1.0 0.0 0.0 94.0 89.0 0.0 0.0 30.0 137.0 3.0 1.0 52.0 16.0 2.0 0.0 21.0 69.0 0.0 0.0 4.0 37.0 0.0 0.0 0.0 0.0 0.0 0.0 6.0 153.0 6.0 0.0 0.0 12.0 1.0 1.0 93.0 71.0 2.0 0.0 23.0 153.0 20.0 2.0 33.0 17.0 0.0 0.0 8.0 57.0 12.0 4.0 21.0 39.0 4.0 0.0 0.0 0.0 0.0 0.0 0.0 153.0 59.0 1.0 1.0 12.0 1.0 0.0 5.0 79.0 18.0 1.0 3.0 153.0 27.0 1.0 1.0 13.0 1.0 0.0 1.0 53.0 16.0 3.0 13.0 18.0 3.0 0.0 0.0 0.0 0.0 0.0 0.0 153.0 72.0 0.0 0.0 4.0 0.0 0.0 0.0 76.0 35.0 1.0 3.0 152.0 19.0 0.0 0.0 12.0 9.0 0.0 3.0 55.0 9.0 0.0 0.0
5.0 0.0 0.0 0.0 0.0 0.0 0.0 3.0 155.0 0.0 0.0 0.0 0.0 0.0 0.0 88.0 155.0 7.0 1.0 1.0 0.0 0.0 0.0 68.0 15.0 5.0 2.0 16.0 44.0 6.0 0.0 1.0 30.0 1.0 0.0 0.0 0.0 0.0 0.0 9.0 155.0 12.0 0.0 0.0 0.0 0.0 0.0 140.0 155.0 8.0 1.0 1.0 1.0 0.0 0.0 83.0 10.0 4.0 1.0 12.0 58.0 9.0 1.0 3.0 29.0 7.0 0.0 0.0 0.0 0.0 0.0 1.0 155.0 96.0 0.0 0.0 0.0 0.0 0.0 10.0 155.0 29.0 0.0 0.0 0.0 1.0 1.0 34.0 7.0 0.0 0.0 0.0 46.0 34.0 4.0 13.0 11.0 2.0 0.0 0.0 0.0 0.0 0.0 0.0 155.0 59.0 0.0 0.0 0.0 0.0 0.0 1.0 155.0 50.0 0.0 1.0 1.0 0.0 0.0 19.0 4.0 1.0 0.0 14.0 33.0 8.0 1.0 6.0
1.0 0.0 0.0 0.0 0.0 0.0 0.0 0.0 115.0 0.0 0.0 0.0 0.0 0.0 0.0 15.0 175.0 0.0 0.0 0.0 0.0 0.0 0.0 65.0 61.0 0.0 0.0 0.0 0.0 0.0 0.0 20.0 1.0 0.0 0.0 0.0 0.0 0.0 0.0 0.0 175.0 1.0 0.0 0.0 0.0 0.0 0.0 4.0 175.0 0.0 0.0 0.0 0.0 0.0 0.0 27.0 63.0 0.0 0.0 0.0 0.0 0.0 0.0 25.0 1.0 0.0 0.0 0.0 0.0 0.0 0.0 0.0 163.0 19.0 0.0 0.0 0.0 0.0 0.0 1.0 175.0 72.0 0.0 0.0 0.0 0.0 0.0 7.0 68.0 20.0 0.0 0.0 0.0 0.0 0.0 4.0 0.0 0.0 0.0 0.0 0.0 0.0 0.0 0.0 45.0 34.0 0.0 0.0 0.0 0.0 0.0 0.0 175.0 175.0 0.0 0.0 0.0 0.0 0.0 0.0 68.0 77.0 2.0 0.0 0.0 0.0 0.0 0.0
25.0 1.0 0.0 0.0 0.0 0.0 0.0 1.0 155.0 5.0 0.0 0.0 0.0 0.0 0.0 19.0 155.0 1.0 0.0 0.0 0.0 0.0 0.0 38.0 95.0 1.0 0.0 0.0 0.0 0.0 0.0 19.0 36.0 0.0 0.0 0.0 0.0 0.0 0.0 4.0 155.0 6.0 0.0 0.0 0.0 0.0 0.0 51.0 155.0 3.0 0.0 0.0 0.0 0.0 0.0 37.0 150.0 5.0 0.0 0.0 0.0 0.0 0.0 28.0 31.0 5.0 0.0 0.0 0.0 0.0 0.0 1.0 155.0 74.0 0.0 0.0 0.0 0.0 0.0 6.0 155.0 32.0 0.0 0.0 0.0 0.0 0.0 5.0 92.0 73.0 10.0 0.0 0.0 0.0 0.0 5.0 11.0 3.0 0.0 0.0 0.0 0.0 0.0 0.0 155.0 64.0 0.0 0.0 0.0 0.0 0.0 0.0 155.0 40.0 1.0 0.0 0.0 1.0 2.0 4.0 6.0 40.0 12.0 0.0 0.0 2.0 5.0 2.0
13.0 10.0 0.0 0.0 0.0 0.0 0.0 0.0 150.0 150.0 0.0 0.0 0.0 0.0 0.0 0.0 105.0 112.0 0.0 1.0 10.0 10.0 0.0 0.0 1.0 1.0 0.0 0.0 39.0 49.0 1.0 1.0 3.0 2.0 0.0 0.0 0.0 0.0 0.0 0.0 150.0 98.0 0.0 0.0 0.0 0.0 0.0 3.0 150.0 130.0 0.0 0.0 1.0 4.0 1.0 18.0 16.0 3.0 0.0 0.0 23.0 49.0 2.0 4.0 1.0 0.0 0.0 0.0 0.0 0.0 0.0 0.0 150.0 21.0 0.0 0.0 0.0 0.0 0.0 17.0 150.0 82.0 4.0 0.0 3.0 4.0 3.0 75.0 16.0 12.0 4.0 2.0 36.0 25.0 3.0 10.0 0.0 0.0 0.0 0.0 0.0 0.0 0.0 0.0 46.0 51.0 0.0 0.0 0.0 0.0 0.0 0.0 87.0 150.0 20.0 0.0 1.0 0.0 0.0 1.0 22.0 134.0 15.0 3.0 15.0 3.0 0.0 0.0
0.0 0.0 0.0 0.0 0.0 0.0 0.0 0.0 94.0 0.0 0.0 0.0 0.0 0.0 0.0 22.0 198.0 1.0 0.0 0.0 1.0 2.0 1.0 105.0 28.0 0.0 0.0 0.0 19.0 14.0 2.0 19.0 1.0 0.0 0.0 0.0 0.0 0.0 0.0 0.0 162.0 10.0 0.0 0.0 0.0 0.0 0.0 5.0 198.0 26.0 0.0 0.0 2.0 4.0 1.0 28.0 39.0 1.0 0.0 0.0 27.0 32.0 3.0 8.0 1.0 0.0 0.0 0.0 0.0 0.0 0.0 0.0 164.0 3.0 0.0 0.0 0.0 0.0 0.0 7.0 198.0 8.0 0.0 0.0 1.0 2.0 1.0 33.0 47.0 1.0 0.0 0.0 16.0 30.0 3.0 8.0 0.0 0.0 0.0 0.0 0.0 0.0 0.0 0.0 133.0 5.0 0.0 0.0 0.0 0.0 0.0 1.0 198.0 9.0 0.0 0.0 0.0 2.0 1.0 15.0 40.0 0.0 0.0 0.0 13.0 25.0 2.0 8.0
0.0 138.0 143.0 0.0 1.0 2.0 0.0 0.0 0.0 143.0 126.0 3.0 10.0 9.0 1.0 0.0 2.0 41.0 5.0 3.0 6.0 12.0 14.0 5.0 1.0 0.0 0.0 0.0 1.0 6.0 29.0 16.0 0.0 46.0 62.0 0.0 0.0 0.0 0.0 0.0 39.0 143.0 65.0 0.0 0.0 0.0 0.0 1.0 143.0 143.0 4.0 1.0 1.0 3.0 10.0 9.0 11.0 5.0 5.0 2.0 3.0 4.0 9.0 12.0 0.0 1.0 0.0 0.0 0.0 0.0 0.0 0.0 126.0 29.0 0.0 0.0 0.0 0.0 0.0 18.0 143.0 74.0 6.0 2.0 9.0 2.0 0.0 55.0 13.0 9.0 24.0 9.0 16.0 6.0 2.0 4.0 0.0 0.0 0.0 0.0 0.0 0.0 1.0 1.0 41.0 40.0 1.0 0.0 0.0 1.0 1.0 1.0 82.0 143.0 94.0 1.0 2.0 0.0 0.0 3.0 1.0 35.0 143.0 12.0 3.0 3.0 1.0 0.0
0.0 0.0 0.0 0.0 0.0 0.0 0.0 0.0 25.0 0.0 0.0 0.0 0.0 0.0 1.0 33.0 64.0 0.0 0.0 0.0 0.0 0.0 42.0 173.0 77.0 1.0 0.0 1.0 5.0 3.0 28.0 172.0 1.0 0.0 0.0 0.0 0.0 0.0 0.0 0.0 155.0 4.0 0.0 0.0 0.0 0.0 0.0 19.0 173.0 26.0 0.0 2.0 1.0 0.0 13.0 138.0 31.0 7.0 1.0 15.0 28.0 4.0 16.0 43.0 1.0 0.0 0.0 0.0 0.0 0.0 0.0 0.0 164.0 8.0 0.0 0.0 0.0 0.0 0.0 0.0 173.0 63.0 1.0 1.0 0.0 0.0 0.0 0.0 42.0 19.0 3.0 9.0 15.0 0.0 0.0 1.0 0.0 0.0 0.0 0.0 0.0 0.0 0.0 0.0 97.0 10.0 0.0 0.0 0.0 0.0 0.0 2.0 173.0 61.0 0.0 0.0 0.0 0.0 0.0 22.0 48.0 18.0 1.0 1.0 1.0 0.0 2.0 16.0
1.0 0.0 0.0 0.0 0.0 0.0 0.0 0.0 61.0 0.0 0.0 0.0 0.0 0.0 0.0 43.0 169.0 0.0 0.0 0.0 1.0 1.0 2.0 169.0 32.0 0.0 0.0 1.0 21.0 6.0 4.0 55.0 2.0 0.0 0.0 0.0 0.0 0.0 0.0 0.0 169.0 6.0 0.0 0.0 0.0 0.0 0.0 19.0 169.0 20.0 0.0 1.0 9.0 2.0 1.0 82.0 23.0 2.0 0.0 2.0 70.0 9.0 2.0 12.0 2.0 0.0 0.0 0.0 0.0 0.0 0.0 0.0 169.0 10.0 0.0 0.0 0.0 0.0 0.0 10.0 169.0 36.0 1.0 2.0 9.0 0.0 0.0 26.0 24.0 4.0 1.0 5.0 65.0 3.0 0.0 2.0 1.0 0.0 0.0 0.0 0.0 0.0 0.0 0.0 109.0 33.0 0.0 0.0 0.0 0.0 0.0 0.0 169.0 128.0 1.0 2.0 2.0 0.0 0.0 1.0 22.0 19.0 2.0 13.0 29.0 0.0 0.0 0.0
1.0 0.0 0.0 0.0 0.0 0.0 0.0 3.0 9.0 0.0 0.0 0.0 0.0 0.0 0.0 113.0 19.0 1.0 3.0 8.0 0.0 0.0 1.0 135.0 11.0 2.0 11.0 60.0 2.0 0.0 2.0 86.0 24.0 0.0 0.0 0.0 0.0 0.0 0.0 11.0 135.0 3.0 0.0 0.0 2.0 3.0 4.0 135.0 34.0 1.0 6.0 30.0 52.0 32.0 14.0 135.0 23.0 3.0 15.0 35.0 8.0 6.0 4.0 33.0 34.0 5.0 0.0 0.0 0.0 0.0 2.0 12.0 135.0 76.0 0.0 0.0 1.0 5.0 5.0 35.0 98.0 33.0 0.0 1.0 52.0 126.0 8.0 13.0 9.0 5.0 20.0 26.0 42.0 43.0 5.0 9.0 46.0 5.0 0.0 0.0 0.0 2.0 24.0 96.0 120.0 44.0 4.0 5.0 12.0 32.0 112.0 99.0 115.0 64.0 1.0 10.0 59.0 32.0 6.0 6.0 1.0 1.0 3.0 37.0 135.0 16.0 0.0 0.0
0.0 0.0 0.0 0.0 0.0 0.0 0.0 0.0 43.0 0.0 0.0 0.0 0.0 0.0 0.0 19.0 150.0 0.0 0.0 0.0 0.0 0.0 0.0 119.0 98.0 0.0 0.0 17.0 97.0 0.0 0.0 39.0 1.0 0.0 0.0 0.0 0.0 0.0 0.0 0.0 116.0 4.0 0.0 0.0 0.0 0.0 0.0 18.0 150.0 21.0 2.0 3.0 3.0 0.0 0.0 109.0 63.0 6.0 4.0 79.0 143.0 0.0 0.0 25.0 1.0 0.0 0.0 0.0 0.0 0.0 0.0 0.0 81.0 34.0 0.0 0.0 0.0 0.0 0.0 1.0 150.0 150.0 78.0 10.0 1.0 0.0 0.0 5.0 15.0 41.0 117.0 150.0 55.0 0.0 0.0 1.0 0.0 0.0 0.0 0.0 0.0 0.0 0.0 0.0 5.0 15.0 1.0 0.0 0.0 0.0 0.0 0.0 6.0 80.0 66.0 2.0 0.0 0.0 0.0 0.0 0.0 13.0 91.0 52.0 1.0 0.0 0.0 0.0
1.0 0.0 0.0 0.0 0.0 0.0 0.0 4.0 1.0 0.0 0.0 0.0 0.0 1.0 41.0 34.0 0.0 0.0 0.0 0.0 0.0 16.0 85.0 6.0 0.0 0.0 0.0 0.0 0.0 7.0 49.0 0.0 38.0 0.0 0.0 0.0 0.0 0.0 0.0 17.0 151.0 3.0 0.0 1.0 5.0 17.0 104.0 151.0 12.0 1.0 0.0 4.0 48.0 151.0 151.0 42.0 0.0 0.0 0.0 1.0 8.0 58.0 149.0 0.0 80.0 5.0 0.0 0.0 0.0 0.0 0.0 2.0 151.0 46.0 4.0 5.0 22.0 5.0 5.0 33.0 48.0 10.0 5.0 31.0 151.0 47.0 10.0 8.0 0.0 0.0 0.0 18.0 37.0 26.0 11.0 0.0 45.0 7.0 0.0 0.0 0.0 0.0 0.0 0.0 151.0 95.0 3.0 2.0 8.0 0.0 0.0 0.0 36.0 33.0 5.0 7.0 70.0 47.0 9.0 0.0 0.0 0.0 0.0 2.0 17.0 86.0 14.0 0.0
0.0 0.0 0.0 0.0 0.0 0.0 0.0 0.0 59.0 0.0 0.0 0.0 0.0 0.0 0.0 23.0 154.0 0.0 0.0 0.0 1.0 0.0 0.0 90.0 53.0 0.0 0.0 17.0 126.0 14.0 0.0 17.0 1.0 0.0 0.0 0.0 0.0 0.0 0.0 0.0 132.0 6.0 0.0 0.0 0.0 0.0 0.0 8.0 154.0 6.0 0.0 3.0 8.0 0.0 0.0 45.0 45.0 1.0 0.0 86.0 154.0 0.0 0.0 11.0 0.0 0.0 0.0 0.0 0.0 0.0 0.0 0.0 114.0 18.0 0.0 0.0 0.0 0.0 0.0 0.0 154.0 112.0 22.0 10.0 9.0 0.0 0.0 2.0 22.0 21.0 27.0 75.0 154.0 2.0 0.0 1.0 0.0 0.0 0.0 0.0 0.0 0.0 0.0 0.0 18.0 25.0 1.0 0.0 0.0 0.0 0.0 0.0 34.0 146.0 78.0 5.0 0.0 0.0 0.0 0.0 1.0 23.0 104.0 84.0 29.0 0.0 0.0 0.0
1.0 0.0 0.0 0.0 0.0 0.0 0.0 3.0 1.0 0.0 0.0 0.0 0.0 4.0 28.0 22.0 0.0 0.0 0.0 0.0 0.0 22.0 23.0 2.0 0.0 0.0 0.0 0.0 0.0 2.0 0.0 0.0 28.0 0.0 0.0 0.0 0.0 0.0 0.0 14.0 154.0 2.0 0.0 0.0 11.0 40.0 90.0 168.0 12.0 1.0 0.0 2.0 133.0 168.0 82.0 28.0 0.0 0.0 0.0 0.0 23.0 14.0 0.0 0.0 55.0 5.0 0.0 0.0 1.0 1.0 1.0 2.0 168.0 54.0 2.0 14.0 46.0 9.0 6.0 32.0 49.0 12.0 2.0 67.0 168.0 41.0 6.0 7.0 0.0 0.0 0.0 6.0 52.0 3.0 0.0 0.0 39.0 1.0 0.0 1.0 0.0 0.0 0.0 4.0 168.0 12.0 1.0 5.0 52.0 3.0 0.0 33.0 37.0 3.0 1.0 27.0 168.0 4.0 0.0 5.0 0.0 0.0 0.0 3.0 31.0 0.0 0.0 0.0
1.0 0.0 0.0 0.0 0.0 0.0 0.0 3.0 1.0 0.0 0.0 0.0 0.0 3.0 30.0 31.0 0.0 0.0 0.0 0.0 1.0 31.0 36.0 5.0 0.0 0.0 0.0 0.0 1.0 5.0 0.0 0.0 27.0 1.0 0.0 0.0 0.0 0.0 0.0 14.0 155.0 4.0 0.0 1.0 9.0 23.0 74.0 165.0 15.0 1.0 0.0 5.0 154.0 165.0 90.0 40.0 0.0 0.0 0.0 1.0 38.0 20.0 0.0 0.0 53.0 4.0 0.0 0.0 0.0 0.0 0.0 1.0 165.0 41.0 0.0 11.0 35.0 5.0 3.0 26.0 55.0 13.0 0.0 61.0 165.0 23.0 3.0 8.0 0.0 0.0 0.0 7.0 69.0 2.0 0.0 0.0 42.0 0.0 0.0 0.0 0.0 0.0 0.0 3.0 165.0 6.0 0.0 7.0 37.0 0.0 0.0 16.0 43.0 3.0 0.0 37.0 165.0 0.0 0.0 1.0 0.0 0.0 0.0 4.0 43.0 0.0 0.0 0.0
12.0 0.0 0.0 0.0 0.0 0.0 0.0 5.0 143.0 0.0 0.0 0.0 0.0 0.0 0.0 107.0 143.0 4.0 4.0 10.0 1.0 0.0 0.0 76.0 47.0 1.0 1.0 6.0 2.0 0.0 0.0 25.0 41.0 2.0 0.0 0.0 0.0 0.0 0.0 7.0 143.0 37.0 0.0 0.0 0.0 0.0 0.0 75.0 139.0 39.0 7.0 3.0 0.0 0.0 0.0 24.0 92.0 5.0 1.0 1.0 0.0 0.0 0.0 19.0 23.0 14.0 0.0 0.0 0.0 0.0 0.0 0.0 143.0 143.0 0.0 0.0 0.0 0.0 0.0 2.0 109.0 143.0 2.0 0.0 0.0 0.0 0.0 0.0 81.0 52.0 0.0 0.0 0.0 0.0 0.0 1.0 1.0 2.0 0.0 0.0 0.0 0.0 0.0 0.0 29.0 86.0 0.0 0.0 0.0 0.0 0.0 0.0 111.0 143.0 1.0 0.0 0.0 0.0 0.0 0.0 31.0 130.0 16.0 0.0 0.0 0.0 0.0 0.0
1.0 0.0 0.0 0.0 0.0 0.0 0.0 3.0 9.0 0.0 0.0 0.0 0.0 0.0 6.0 104.0 12.0 1.0 0.0 0.0 0.0 0.0 27.0 140.0 26.0 14.0 2.0 0.0 0.0 0.0 54.0 140.0 28.0 0.0 0.0 0.0 0.0 0.0 0.0 13.0 140.0 2.0 0.0 1.0 2.0 1.0 10.0 140.0 30.0 8.0 11.0 24.0 30.0 7.0 41.0 140.0 26.0 77.0 52.0 7.0 2.0 0.0 1.0 25.0 46.0 7.0 0.0 0.0 0.0 0.0 0.0 2.0 140.0 92.0 0.0 1.0 6.0 2.0 1.0 26.0 65.0 29.0 5.0 21.0 64.0 53.0 36.0 15.0 14.0 13.0 11.0 5.0 4.0 9.0 38.0 116.0 10.0 7.0 0.0 0.0 0.0 0.0 0.0 0.0 115.0 140.0 0.0 0.0 0.0 0.0 0.0 0.0 61.0 140.0 28.0 0.0 1.0 18.0 38.0 8.0 7.0 22.0 88.0 7.0 0.0 3.0 42.0 58.0
1.0 0.0 0.0 0.0 0.0 0.0 0.0 0.0 129.0 8.0 0.0 0.0 0.0 0.0 0.0 12.0 174.0 58.0 1.0 0.0 0.0 0.0 0.0 20.0 61.0 40.0 12.0 26.0 5.0 0.0 0.0 0.0 1.0 0.0 0.0 0.0 0.0 0.0 0.0 0.0 165.0 16.0 0.0 0.0 0.0 0.0 0.0 9.0 174.0 82.0 1.0 0.0 0.0 0.0 0.0 20.0 53.0 55.0 40.0 19.0 0.0 0.0 0.0 1.0 1.0 0.0 0.0 0.0 0.0 0.0 0.0 0.0 154.0 19.0 0.0 0.0 0.0 0.0 0.0 14.0 174.0 90.0 4.0 1.0 0.0 0.0 0.0 43.0 31.0 25.0 26.0 37.0 10.0 1.0 0.0 2.0 0.0 0.0 0.0 0.0 0.0 0.0 0.0 0.0 35.0 45.0 0.0 0.0 0.0 0.0 0.0 0.0 61.0 174.0 28.0 0.0 0.0 0.0 0.0 0.0 2.0 142.0 70.0 10.0 9.0 3.0 0.0 0.0
2.0 0.0 0.0 0.0 0.0 0.0 0.0 2.0 51.0 0.0 0.0 0.0 0.0 0.0 0.0 118.0 45.0 0.0 0.0 0.0 0.0 0.0 0.0 139.0 4.0 0.0 2.0 5.0 0.0 0.0 2.0 113.0 19.0 0.0 0.0 0.0 0.0 0.0 0.0 5.0 139.0 9.0 0.0 0.0 0.0 0.0 0.0 130.0 121.0 22.0 19.0 0.0 0.0 0.0 0.0 118.0 8.0 8.0 19.0 11.0 0.0 0.0 1.0 19.0 19.0 4.0 0.0 0.0 0.0 0.0 0.0 0.0 139.0 136.0 3.0 0.0 0.0 0.0 0.0 6.0 86.0 138.0 44.0 0.0 0.0 0.0 0.0 7.0 24.0 17.0 73.0 13.0 0.0 0.0 0.0 16.0 2.0 2.0 0.0 0.0 0.0 0.0 0.0 0.0 22.0 101.0 14.0 0.0 0.0 0.0 0.0 0.0 7.0 139.0 139.0 1.0 0.0 0.0 0.0 0.0 1.0 18.0 139.0 37.0 0.0 0.0 0.0 0.0
0.0 0.0 0.0 0.0 0.0 0.0 0.0 0.0 62.0 0.0 0.0 0.0 0.0 0.0 0.0 37.0 162.0 1.0 0.0 0.0 0.0 0.0 13.0 162.0 12.0 0.0 0.0 0.0 1.0 3.0 41.0 78.0 1.0 0.0 0.0 0.0 0.0 0.0 0.0 0.0 162.0 15.0 0.0 0.0 0.0 0.0 0.0 14.0 162.0 35.0 0.0 1.0 5.0 2.0 6.0 65.0 43.0 1.0 0.0 7.0 24.0 8.0 14.0 25.0 1.0 0.0 0.0 0.0 0.0 0.0 0.0 0.0 162.0 11.0 0.0 0.0 0.0 0.0 0.0 10.0 162.0 46.0 1.0 1.0 6.0 7.0 1.0 43.0 41.0 6.0 1.0 3.0 19.0 22.0 7.0 28.0 0.0 0.0 0.0 0.0 0.0 0.0 0.0 0.0 56.0 39.0 0.0 0.0 0.0 0.0 0.0 0.0 156.0 162.0 19.0 0.0 1.0 1.0 0.0 1.0 12.0 127.0 54.0 1.0 3.0 4.0 2.0 6.0
1.0 0.0 0.0 0.0 0.0 0.0 0.0 3.0 16.0 0.0 0.0 0.0 0.0 0.0 1.0 87.0 30.0 1.0 4.0 2.0 1.0 1.0 15.0 135.0 22.0 24.0 16.0 4.0 1.0 0.0 33.0 57.0 22.0 0.0 0.0 0.0 0.0 0.0 0.0 10.0 135.0 2.0 0.0 0.0 0.0 1.0 11.0 135.0 28.0 1.0 3.0 5.0 17.0 77.0 49.0 111.0 37.0 25.0 13.0 7.0 10.0 30.0 33.0 12.0 34.0 7.0 0.0 0.0 0.0 0.0 0.0 1.0 135.0 72.0 0.0 0.0 0.0 1.0 3.0 29.0 129.0 25.0 0.0 0.0 2.0 76.0 106.0 43.0 6.0 0.0 0.0 0.0 1.0 67.0 135.0 12.0 7.0 5.0 0.0 0.0 0.0 0.0 0.0 0.0 135.0 135.0 0.0 0.0 0.0 0.0 0.0 0.0 135.0 135.0 2.0 0.0 0.0 2.0 20.0 15.0 11.0 43.0 8.0 0.0 0.0 26.0 71.0 5.0
1.0 0.0 0.0 0.0 0.0 0.0 0.0 3.0 15.0 0.0 0.0 0.0 0.0 0.0 3.0 107.0 65.0 0.0 0.0 0.0 0.0 0.0 12.0 136.0 109.0 0.0 0.0 0.0 0.0 0.0 0.0 89.0 27.0 0.0 0.0 0.0 0.0 0.0 0.0 13.0 136.0 6.0 0.0 0.0 1.0 2.0 14.0 136.0 47.0 3.0 0.0 2.0 17.0 31.0 56.0 136.0 115.0 0.0 0.0 0.0 1.0 3.0 3.0 73.0 48.0 7.0 0.0 0.0 0.0 0.0 0.0 2.0 136.0 108.0 4.0 2.0 1.0 1.0 1.0 26.0 90.0 56.0 14.0 16.0 23.0 9.0 3.0 24.0 111.0 0.0 0.0 0.0 1.0 1.0 0.0 61.0 22.0 4.0 0.0 0.0 0.0 0.0 0.0 1.0 136.0 70.0 1.0 0.0 0.0 0.0 0.0 3.0 136.0 73.0 3.0 1.0 0.0 0.0 0.0 4.0 125.0 6.0 0.0 0.0 0.0 0.0 0.0 28.0
1.0 0.0 0.0 0.0 0.0 0.0 0.0 0.0 159.0 11.0 0.0 0.0 0.0 0.0 0.0 0.0 176.0 21.0 0.0 1.0 9.0 2.0 0.0 3.0 14.0 2.0 0.0 2.0 40.0 6.0 0.0 1.0 1.0 0.0 0.0 0.0 0.0 0.0 0.0 0.0 176.0 11.0 0.0 0.0 0.0 0.0 0.0 2.0 176.0 17.0 0.0 0.0 11.0 7.0 1.0 16.0 21.0 2.0 0.0 2.0 71.0 16.0 1.0 5.0 1.0 0.0 0.0 0.0 0.0 0.0 0.0 0.0 176.0 11.0 0.0 0.0 0.0 0.0 0.0 7.0 176.0 30.0 0.0 0.0 15.0 9.0 1.0 32.0 26.0 3.0 0.0 2.0 106.0 31.0 1.0 6.0 0.0 0.0 0.0 0.0 0.0 0.0 0.0 0.0 98.0 22.0 0.0 0.0 0.0 0.0 0.0 0.0 176.0 75.0 0.0 0.0 5.0 6.0 1.0 2.0 43.0 6.0 0.0 0.0 54.0 73.0 2.0 3.0
59.0 8.0 0.0 0.0 0.0 0.0 0.0 0.0 169.0 84.0 1.0 1.0 0.0 0.0 0.0 6.0 72.0 36.0 5.0 15.0 5.0 2.0 1.0 5.0 26.0 6.0 1.0 2.0 1.0 0.0 0.0 3.0 73.0 2.0 0.0 0.0 0.0 0.0 0.0 7.0 169.0 18.0 0.0 0.0 0.0 0.0 1.0 84.0 104.0 7.0 0.0 1.0 14.0 23.0 8.0 45.0 37.0 1.0 0.0 0.0 3.0 4.0 1.0 40.0 66.0 12.0 0.0 0.0 0.0 0.0 0.0 1.0 169.0 138.0 1.0 0.0 0.0 0.0 0.0 14.0 107.0 70.0 6.0 8.0 19.0 6.0 1.0 11.0 75.0 0.0 0.0 1.0 4.0 1.0 0.0 58.0 24.0 7.0 0.0 0.0 0.0 0.0 0.0 0.0 169.0 94.0 0.0 0.0 0.0 0.0 0.0 0.0 158.0 75.0 1.0 1.0 0.0 0.0 0.0 2.0 101.0 18.0 0.0 0.0 0.0 0.0 0.0 20.0
22.0 0.0 0.0 0.0 0.0 0.0 0.0 3.0 148.0 4.0 0.0 0.0 0.0 0.0 0.0 41.0 133.0 14.0 7.0 52.0 19.0 0.0 0.0 17.0 57.0 1.0 1.0 22.0 11.0 0.0 0.0 35.0 43.0 0.0 0.0 0.0 0.0 0.0 0.0 4.0 148.0 5.0 0.0 1.0 1.0 0.0 0.0 42.0 122.0 6.0 2.0 25.0 34.0 1.0 0.0 19.0 119.0 0.0 0.0 5.0 5.0 1.0 0.0 78.0 44.0 6.0 0.0 0.0 0.0 0.0 0.0 1.0 148.0 65.0 0.0 0.0 0.0 0.0 0.0 5.0 118.0 40.0 2.0 2.0 13.0 2.0 1.0 27.0 130.0 0.0 0.0 0.0 3.0 2.0 2.0 100.0 19.0 5.0 0.0 0.0 0.0 0.0 0.0 0.0 148.0 81.0 0.0 0.0 0.0 0.0 0.0 0.0 148.0 67.0 0.0 0.0 0.0 0.0 0.0 17.0 132.0 0.0 0.0 1.0 9.0 1.0 0.0 59.0
0.0 0.0 0.0 8.0 5.0 0.0 0.0 0.0 0.0 5.0 45.0 111.0 14.0 0.0 0.0 0.0 21.0 89.0 80.0 30.0 0.0 0.0 0.0 0.0 16.0 20.0 1.0 0.0 0.0 0.0 0.0 0.0 0.0 0.0 0.0 20.0 53.0 2.0 0.0 0.0 11.0 21.0 45.0 141.0 141.0 29.0 4.0 5.0 141.0 141.0 65.0 61.0 21.0 8.0 5.0 30.0 99.0 21.0 0.0 0.0 0.0 0.0 0.0 3.0 0.0 0.0 0.0 2.0 46.0 23.0 0.0 0.0 7.0 2.0 1.0 17.0 141.0 141.0 94.0 25.0 141.0 10.0 1.0 4.0 15.0 48.0 120.0 141.0 70.0 1.0 0.0 0.0 0.0 0.0 0.0 31.0 0.0 0.0 0.0 0.0 1.0 6.0 0.0 0.0 0.0 0.0 0.0 0.0 2.0 50.0 47.0 3.0 3.0 0.0 0.0 0.0 0.0 9.0 65.0 46.0 3.0 0.0 0.0 0.0 0.0 0.0 1.0 11.0
20.0 0.0 0.0 0.0 0.0 0.0 0.0 3.0 137.0 2.0 0.0 0.0 1.0 1.0 1.0 46.0 111.0 15.0 2.0 2.0 10.0 8.0 2.0 16.0 137.0 27.0 0.0 0.0 0.0 0.0 0.0 0.0 44.0 2.0 0.0 0.0 0.0 0.0 0.0 7.0 137.0 21.0 1.0 1.0 6.0 7.0 3.0 88.0 101.0 13.0 2.0 5.0 54.0 36.0 5.0 28.0 137.0 50.0 0.0 0.0 2.0 1.0 0.0 1.0 27.0 14.0 0.0 0.0 0.0 0.0 0.0 0.0 137.0 137.0 18.0 3.0 3.0 1.0 0.0 5.0 38.0 123.0 62.0 27.0 28.0 4.0 0.0 1.0 129.0 124.0 4.0 2.0 1.0 0.0 0.0 0.0 1.0 4.0 0.0 0.0 0.0 0.0 0.0 0.0 8.0 99.0 5.0 0.0 0.0 0.0 0.0 0.0 25.0 137.0 25.0 1.0 0.0 0.0 0.0 0.0 85.0 110.0 2.0 0.0 0.0 0.0 0.0 0.0
2.0 0.0 0.0 0.0 0.0 0.0 0.0 2.0 70.0 0.0 0.0 0.0 0.0 0.0 0.0 117.0 137.0 0.0 0.0 0.0 0.0 0.0 0.0 137.0 21.0 0.0 0.0 0.0 0.0 0.0 7.0 56.0 22.0 1.0 0.0 0.0 0.0 0.0 0.0 7.0 137.0 7.0 0.0 0.0 0.0 0.0 0.0 137.0 137.0 6.0 0.0 0.0 0.0 0.0 0.0 112.0 51.0 2.0 0.0 0.0 0.0 0.0 0.0 13.0 25.0 6.0 0.0 0.0 0.0 0.0 0.0 1.0 137.0 113.0 0.0 0.0 0.0 0.0 0.0 11.0 137.0 70.0 0.0 0.0 0.0 0.0 0.0 8.0 63.0 6.0 0.0 0.0 0.0 0.0 0.0 1.0 4.0 3.0 0.0 0.0 0.0 0.0 0.0 0.0 123.0 121.0 0.0 0.0 0.0 0.0 0.0 0.0 137.0 137.0 0.0 0.0 0.0 0.0 0.0 0.0 44.0 32.0 0.0 0.0 0.0 0.0 0.0 0.0
2.0 0.0 0.0 0.0 0.0 0.0 0.0 3.0 104.0 0.0 0.0 0.0 0.0 0.0 1.0 82.0 123.0 1.0 0.0 0.0 3.0 10.0 10.0 94.0 68.0 20.0 0.0 0.0 2.0 6.0 3.0 4.0 34.0 0.0 0.0 0.0 0.0 0.0 0.0 19.0 152.0 3.0 0.0 2.0 5.0 2.0 10.0 152.0 35.0 4.0 5.0 49.0 76.0 18.0 29.0 143.0 73.0 29.0 8.0 18.0 12.0 4.0 1.0 2.0 77.0 5.0 0.0 0.0 0.0 0.0 0.0 3.0 152.0 55.0 3.0 6.0 18.0 1.0 1.0 37.0 49.0 17.0 7.0 52.0 152.0 14.0 2.0 9.0 98.0 45.0 5.0 11.0 24.0 4.0 0.0 0.0 52.0 3.0 0.0 0.0 0.0 0.0 0.0 0.0 152.0 52.0 2.0 1.0 7.0 0.0 0.0 0.0 42.0 21.0 4.0 8.0 138.0 16.0 0.0 0.0 36.0 42.0 1.0 2.0 37.0 7.0 0.0 0.0
0.0 0.0 0.0 0.0 0.0 0.0 0.0 2.0 1.0 0.0 0.0 0.0 0.0 0.0 25.0 26.0 0.0 0.0 0.0 0.0 0.0 0.0 93.0 29.0 0.0 0.0 0.0 0.0 0.0 0.0 113.0 31.0 23.0 1.0 0.0 0.0 0.0 0.0 0.0 13.0 130.0 3.0 0.0 0.0 0.0 0.0 80.0 164.0 18.0 0.0 0.0 0.0 1.0 14.0 164.0 119.0 2.0 0.0 0.0 0.0 0.0 6.0 164.0 79.0 44.0 5.0 0.0 0.0 0.0 0.0 0.0 1.0 164.0 44.0 0.0 0.0 0.0 0.0 7.0 40.0 124.0 8.0 0.0 0.0 9.0 55.0 45.0 28.0 5.0 0.0 0.0 0.0 3.0 29.0 27.0 29.0 26.0 3.0 0.0 0.0 0.0 0.0 0.0 0.0 164.0 42.0 0.0 0.0 0.0 0.0 0.0 3.0 152.0 20.0 0.0 0.0 5.0 31.0 5.0 8.0 4.0 0.0 0.0 0.0 2.0 22.0 16.0 28.0
0.0 0.0 0.0 4.0 1.0 0.0 0.0 0.0 0.0 0.0 3.0 124.0 25.0 0.0 0.0 0.0 2.0 1.0 6.0 134.0 81.0 5.0 18.0 20.0 0.0 0.0 10.0 38.0 12.0 4.0 64.0 62.0 0.0 0.0 0.0 14.0 36.0 3.0 0.0 0.0 13.0 8.0 22.0 134.0 134.0 20.0 0.0 0.0 134.0 23.0 25.0 82.0 25.0 8.0 14.0 52.0 11.0 0.0 0.0 8.0 32.0 28.0 23.0 35.0 0.0 0.0 0.0 1.0 37.0 12.0 0.0 0.0 24.0 2.0 2.0 13.0 134.0 134.0 1.0 5.0 134.0 39.0 3.0 3.0 45.0 51.0 4.0 31.0 25.0 13.0 4.0 6.0 44.0 49.0 4.0 9.0 0.0 0.0 0.0 0.0 7.0 4.0 0.0 0.0 2.0 0.0 0.0 1.0 115.0 134.0 0.0 1.0 44.0 94.0 16.0 2.0 74.0 116.0 1.0 2.0 6.0 74.0 53.0 19.0 16.0 3.0 0.0 0.0
0.0 0.0 0.0 0.0 0.0 0.0 0.0 2.0 1.0 0.0 0.0 0.0 0.0 0.0 6.0 70.0 0.0 0.0 1.0 5.0 1.0 0.0 86.0 146.0 0.0 0.0 11.0 24.0 2.0 4.0 130.0 31.0 19.0 1.0 0.0 0.0 0.0 0.0 0.0 10.0 135.0 5.0 0.0 0.0 3.0 3.0 18.0 146.0 19.0 1.0 4.0 46.0 100.0 24.0 52.0 146.0 0.0 0.0 36.0 102.0 34.0 11.0 21.0 5.0 35.0 4.0 0.0 0.0 0.0 0.0 0.0 2.0 146.0 33.0 0.0 0.0 10.0 4.0 2.0 30.0 88.0 6.0 0.0 6.0 146.0 43.0 3.0 12.0 1.0 0.0 0.0 8.0 77.0 24.0 16.0 5.0 24.0 3.0 0.0 0.0 0.0 0.0 0.0 1.0 146.0 62.0 1.0 1.0 6.0 0.0 0.0 10.0 67.0 31.0 5.0 16.0 146.0 7.0 0.0 3.0 2.0 3.0 1.0 4.0 58.0 7.0 11.0 9.0
8.0 0.0 0.0 0.0 2.0 2.0 0.0 7.0 97.0 0.0 0.0 0.0 0.0 1.0 2.0 85.0 60.0 0.0 0.0 0.0 3.0 13.0 9.0 51.0 146.0 0.0 0.0 0.0 0.0 1.0 1.0 35.0 43.0 1.0 0.0 2.0 2.0 0.0 0.0 15.0 146.0 3.0 0.0 0.0 3.0 9.0 11.0 146.0 49.0 1.0 0.0 0.0 43.0 77.0 23.0 60.0 146.0 0.0 0.0 0.0 3.0 5.0 1.0 37.0 58.0 11.0 0.0 0.0 0.0 0.0 0.0 2.0 146.0 76.0 1.0 2.0 8.0 3.0 1.0 20.0 77.0 21.0 1.0 9.0 117.0 24.0 3.0 11.0 146.0 2.0 0.0 0.0 9.0 2.0 1.0 30.0 31.0 5.0 0.0 0.0 0.0 0.0 0.0 0.0 146.0 42.0 0.0 1.0 3.0 0.0 0.0 0.0 84.0 19.0 2.0 14.0 84.0 0.0 0.0 0.0 146.0 27.0 0.0 3.0 9.0 0.0 0.0 2.0
23.0 11.0 1.0 5.0 12.0 2.0 1.0 6.0 159.0 28.0 2.0 7.0 11.0 1.0 0.0 34.0 159.0 11.0 0.0 0.0 0.0 0.0 0.0 30.0 5.0 0.0 0.0 0.0 0.0 0.0 0.0 1.0 47.0 30.0 8.0 7.0 13.0 2.0 1.0 7.0 159.0 23.0 3.0 3.0 10.0 2.0 1.0 148.0 159.0 4.0 0.0 0.0 0.0 0.0 0.0 72.0 2.0 0.0 0.0 0.0 0.0 0.0 0.0 1.0 32.0 31.0 26.0 18.0 4.0 3.0 1.0 5.0 159.0 107.0 10.0 6.0 0.0 0.0 0.0 27.0 159.0 27.0 0.0 0.0 0.0 0.0 0.0 9.0 2.0 0.0 0.0 0.0 0.0 0.0 0.0 0.0 27.0 1.0 1.0 3.0 8.0 29.0 9.0 25.0 159.0 4.0 0.0 1.0 1.0 2.0 2.0 106.0 140.0 1.0 0.0 0.0 0.0 0.0 0.0 28.0 1.0 0.0 0.0 0.0 0.0 0.0 0.0 0.0
0.0 0.0 0.0 0.0 0.0 0.0 0.0 2.0 0.0 0.0 0.0 0.0 0.0 0.0 27.0 25.0 0.0 0.0 0.0 0.0 0.0 0.0 99.0 25.0 0.0 0.0 0.0 0.0 0.0 0.0 115.0 31.0 26.0 0.0 0.0 0.0 0.0 0.0 0.0 15.0 140.0 2.0 0.0 0.0 0.0 0.0 96.0 173.0 17.0 1.0 0.0 5.0 5.0 7.0 173.0 121.0 10.0 4.0 1.0 3.0 2.0 3.0 173.0 84.0 62.0 2.0 0.0 0.0 0.0 0.0 0.0 2.0 173.0 32.0 1.0 1.0 0.0 0.0 6.0 41.0 88.0 14.0 2.0 21.0 25.0 20.0 35.0 20.0 43.0 8.0 2.0 9.0 9.0 9.0 14.0 16.0 49.0 0.0 0.0 0.0 0.0 0.0 0.0 2.0 173.0 5.0 0.0 0.0 0.0 0.0 0.0 29.0 89.0 2.0 0.0 0.0 3.0 25.0 18.0 22.0 15.0 0.0 0.0 0.0 1.0 15.0 25.0 24.0
0.0 0.0 0.0 8.0 3.0 0.0 0.0 0.0 0.0 7.0 42.0 86.0 7.0 0.0 0.0 0.0 14.0 73.0 51.0 16.0 0.0 0.0 0.0 0.0 7.0 10.0 0.0 0.0 0.0 0.0 0.0 0.0 0.0 0.0 0.0 31.0 50.0 0.0 0.0 0.0 18.0 35.0 59.0 142.0 142.0 10.0 2.0 5.0 142.0 142.0 61.0 46.0 11.0 3.0 2.0 19.0 57.0 16.0 0.0 0.0 0.0 0.0 0.0 1.0 0.0 0.0 0.0 52.0 91.0 1.0 0.0 0.0 26.0 6.0 4.0 73.0 142.0 84.0 44.0 61.0 142.0 18.0 2.0 6.0 12.0 18.0 35.0 142.0 53.0 1.0 0.0 0.0 0.0 0.0 0.0 16.0 0.0 0.0 0.0 61.0 108.0 0.0 0.0 0.0 52.0 44.0 15.0 59.0 73.0 6.0 8.0 21.0 81.0 95.0 20.0 0.0 0.0 1.0 5.0 62.0 13.0 24.0 1.0 0.0 0.0 0.0 0.0 4.0
53.0 11.0 0.0 0.0 0.0 0.0 0.0 1.0 153.0 75.0 5.0 5.0 3.0 2.0 0.0 16.0 36.0 18.0 7.0 32.0 49.0 23.0 4.0 14.0 16.0 0.0 0.0 2.0 5.0 3.0 2.0 40.0 75.0 1.0 0.0 0.0 0.0 0.0 0.0 7.0 153.0 6.0 0.0 0.0 5.0 4.0 2.0 73.0 58.0 4.0 1.0 6.0 90.0 36.0 5.0 27.0 37.0 15.0 1.0 2.0 11.0 3.0 1.0 14.0 72.0 11.0 0.0 0.0 0.0 0.0 0.0 1.0 153.0 83.0 1.0 2.0 4.0 1.0 0.0 9.0 71.0 23.0 1.0 10.0 70.0 30.0 46.0 15.0 16.0 5.0 0.0 1.0 7.0 7.0 78.0 81.0 23.0 13.0 0.0 0.0 0.0 0.0 0.0 0.0 153.0 153.0 7.0 0.0 0.0 0.0 0.0 1.0 65.0 128.0 109.0 2.0 1.0 6.0 36.0 16.0 3.0 26.0 153.0 7.0 0.0 1.0 47.0 37.0
2.0 0.0 0.0 0.0 0.0 0.0 0.0 8.0 5.0 0.0 0.0 0.0 0.0 8.0 53.0 68.0 0.0 0.0 0.0 0.0 5.0 67.0 58.0 10.0 0.0 0.0 0.0 0.0 3.0 9.0 0.0 0.0 47.0 2.0 0.0 0.0 0.0 0.0 0.0 20.0 135.0 28.0 3.0 6.0 14.0 33.0 72.0 135.0 17.0 7.0 4.0 26.0 135.0 135.0 78.0 40.0 0.0 0.0 0.0 2.0 55.0 22.0 0.0 0.0 46.0 10.0 0.0 0.0 0.0 0.0 11.0 24.0 135.0 135.0 32.0 28.0 14.0 5.0 9.0 55.0 18.0 38.0 34.0 135.0 135.0 66.0 13.0 10.0 0.0 0.0 0.0 9.0 55.0 34.0 13.0 0.0 14.0 11.0 1.0 0.0 0.0 0.0 19.0 61.0 57.0 54.0 29.0 2.0 1.0 5.0 18.0 113.0 8.0 14.0 52.0 29.0 33.0 125.0 32.0 20.0 0.0 0.0 8.0 10.0 13.0 101.0 34.0 0.0
0.0 0.0 0.0 0.0 0.0 0.0 0.0 0.0 92.0 0.0 0.0 0.0 0.0 0.0 0.0 34.0 166.0 1.0 0.0 1.0 14.0 3.0 3.0 159.0 18.0 4.0 1.0 6.0 61.0 5.0 3.0 21.0 1.0 0.0 0.0 0.0 0.0 0.0 0.0 0.0 166.0 10.0 0.0 0.0 0.0 0.0 0.0 7.0 166.0 33.0 1.0 3.0 28.0 2.0 0.0 26.0 19.0 3.0 0.0 5.0 90.0 12.0 2.0 6.0 1.0 0.0 0.0 0.0 0.0 0.0 0.0 0.0 166.0 8.0 0.0 0.0 0.0 0.0 0.0 11.0 166.0 25.0 0.0 0.0 18.0 6.0 0.0 39.0 17.0 2.0 0.0 0.0 55.0 31.0 5.0 7.0 0.0 0.0 0.0 0.0 0.0 0.0 0.0 0.0 89.0 38.0 0.0 0.0 0.0 0.0 0.0 1.0 166.0 166.0 0.0 0.0 5.0 3.0 0.0 3.0 26.0 24.0 0.0 0.0 14.0 29.0 12.0 1.0
1.0 0.0 0.0 0.0 0.0 0.0 0.0 3.0 30.0 0.0 0.0 0.0 0.0 0.0 0.0 113.0 115.0 0.0 0.0 0.0 0.0 0.0 0.0 152.0 46.0 2.0 1.0 0.0 0.0 0.0 0.0 82.0 27.0 0.0 0.0 0.0 0.0 0.0 0.0 17.0 152.0 4.0 0.0 0.0 0.0 0.0 0.0 152.0 74.0 2.0 0.0 0.0 0.0 0.0 1.0 152.0 26.0 0.0 0.0 0.0 0.0 0.0 0.0 89.0 48.0 9.0 0.0 0.0 0.0 0.0 0.0 3.0 152.0 96.0 0.0 0.0 0.0 0.0 0.0 29.0 152.0 41.0 0.0 0.0 0.0 0.0 0.0 43.0 33.0 0.0 0.0 3.0 4.0 0.0 0.0 40.0 17.0 6.0 0.0 0.0 0.0 0.0 0.0 0.0 152.0 77.0 0.0 0.0 0.0 0.0 0.0 0.0 152.0 39.0 0.0 0.0 0.0 0.0 0.0 10.0 24.0 5.0 2.0 3.0 6.0 1.0 0.0 9.0
10.0 0.0 0.0 0.0 0.0 0.0 0.0 3.0 144.0 0.0 0.0 0.0 0.0 0.0 0.0 89.0 138.0 0.0 0.0 3.0 14.0 2.0 1.0 62.0 91.0 1.0 0.0 2.0 4.0 0.0 0.0 13.0 35.0 1.0 0.0 0.0 0.0 0.0 0.0 7.0 144.0 11.0 0.0 0.0 2.0 0.0 0.0 115.0 110.0 7.0 0.0 11.0 53.0 3.0 1.0 50.0 136.0 11.0 0.0 3.0 7.0 0.0 0.0 3.0 32.0 8.0 0.0 0.0 0.0 0.0 0.0 0.0 144.0 130.0 0.0 0.0 1.0 0.0 0.0 8.0 117.0 56.0 0.0 3.0 37.0 27.0 3.0 6.0 108.0 19.0 0.0 0.0 5.0 10.0 2.0 4.0 6.0 4.0 0.0 0.0 0.0 0.0 0.0 0.0 144.0 100.0 0.0 0.0 0.0 0.0 0.0 0.0 144.0 75.0 0.0 0.0 13.0 17.0 1.0 2.0 40.0 20.0 1.0 0.0 15.0 11.0 1.0 1.0
26.0 0.0 0.0 0.0 0.0 0.0 0.0 4.0 141.0 12.0 1.0 7.0 11.0 0.0 0.0 22.0 52.0 9.0 2.0 35.0 141.0 12.0 0.0 2.0 5.0 1.0 0.0 2.0 59.0 31.0 1.0 1.0 45.0 2.0 0.0 0.0 0.0 0.0 0.0 4.0 141.0 33.0 1.0 2.0 15.0 7.0 1.0 40.0 39.0 10.0 1.0 13.0 141.0 50.0 1.0 10.0 0.0 0.0 0.0 2.0 72.0 37.0 0.0 0.0 18.0 11.0 0.0 0.0 0.0 0.0 0.0 0.0 121.0 141.0 4.0 1.0 5.0 2.0 0.0 2.0 33.0 141.0 8.0 3.0 79.0 96.0 2.0 2.0 1.0 1.0 0.0 3.0 87.0 93.0 2.0 0.0 0.0 1.0 0.0 0.0 0.0 0.0 0.0 0.0 14.0 76.0 0.0 0.0 0.0 0.0 0.0 0.0 135.0 141.0 0.0 0.0 3.0 30.0 6.0 4.0 42.0 20.0 0.0 0.0 23.0 141.0 34.0 7.0
26.0 74.0 14.0 8.0 6.0 0.0 0.0 1.0 46.0 78.0 3.0 4.0 57.0 24.0 2.0 5.0 2.0 0.0 0.0 1.0 160.0 82.0 2.0 2.0 0.0 0.0 0.0 0.0 11.0 5.0 0.0 0.0 39.0 39.0 8.0 14.0 45.0 1.0 0.0 1.0 160.0 55.0 1.0 2.0 30.0 30.0 7.0 33.0 28.0 1.0 0.0 10.0 160.0 115.0 7.0 14.0 0.0 0.0 0.0 1.0 44.0 8.0 0.0 0.0 55.0 4.0 0.0 8.0 46.0 1.0 0.0 11.0 160.0 27.0 2.0 17.0 46.0 2.0 0.0 22.0 38.0 7.0 2.0 71.0 160.0 7.0 0.0 3.0 0.0 0.0 0.0 5.0 45.0 0.0 0.0 0.0 33.0 16.0 2.0 10.0 29.0 0.0 0.0 1.0 160.0 64.0 2.0 5.0 34.0 3.0 0.0 1.0 23.0 12.0 2.0 14.0 160.0 46.0 0.0 0.0 0.0 0.0 0.0 1.0 29.0 12.0 0.0 0.0
16.0 0.0 0.0 0.0 0.0 0.0 0.0 3.0 149.0 0.0 0.0 0.0 0.0 0.0 0.0 51.0 121.0 9.0 6.0 22.0 8.0 0.0 0.0 23.0 123.0 21.0 3.0 5.0 1.0 0.0 0.0 1.0 36.0 1.0 0.0 0.0 0.0 0.0 0.0 4.0 149.0 6.0 0.0 0.0 2.0 1.0 0.0 67.0 114.0 5.0 1.0 10.0 70.0 10.0 1.0 28.0 149.0 9.0 1.0 3.0 7.0 1.0 0.0 5.0 33.0 6.0 0.0 0.0 0.0 0.0 0.0 0.0 149.0 77.0 1.0 0.0 2.0 0.0 0.0 5.0 113.0 34.0 5.0 8.0 73.0 9.0 0.0 5.0 149.0 9.0 0.0 1.0 9.0 2.0 0.0 5.0 11.0 4.0 0.0 0.0 0.0 0.0 0.0 0.0 149.0 94.0 1.0 0.0 0.0 0.0 0.0 0.0 77.0 84.0 20.0 14.0 10.0 0.0 0.0 0.0 141.0 21.0 2.0 3.0 2.0 0.0 0.0 1.0
1.0 0.0 0.0 0.0 0.0 0.0 0.0 2.0 72.0 0.0 0.0 0.0 0.0 0.0 0.0 107.0 140.0 0.0 0.0 2.0 1.0 0.0 0.0 140.0 26.0 3.0 2.0 11.0 5.0 0.0 0.0 18.0 22.0 0.0 0.0 0.0 0.0 0.0 0.0 8.0 140.0 6.0 0.0 0.0 0.0 0.0 0.0 140.0 105.0 3.0 0.0 3.0 17.0 4.0 3.0 140.0 15.0 3.0 1.0 7.0 16.0 5.0 3.0 8.0 31.0 7.0 0.0 0.0 0.0 0.0 0.0 1.0 140.0 130.0 0.0 0.0 0.0 0.0 0.0 24.0 118.0 75.0 1.0 8.0 21.0 2.0 0.0 12.0 10.0 8.0 1.0 5.0 14.0 2.0 1.0 3.0 6.0 3.0 0.0 0.0 0.0 0.0 0.0 0.0 140.0 127.0 0.0 0.0 0.0 0.0 0.0 0.0 139.0 140.0 1.0 1.0 7.0 1.0 0.0 0.0 8.0 9.0 1.0 2.0 12.0 2.0 2.0 0.0
31.0 3.0 0.0 0.0 0.0 0.0 0.0 1.0 159.0 52.0 1.0 1.0 0.0 0.0 0.0 12.0 105.0 38.0 6.0 45.0 56.0 1.0 0.0 4.0 49.0 1.0 1.0 13.0 22.0 0.0 0.0 12.0 44.0 2.0 0.0 0.0 0.0 0.0 0.0 6.0 159.0 34.0 0.0 0.0 0.0 1.0 1.0 67.0 108.0 20.0 2.0 15.0 34.0 41.0 11.0 29.0 56.0 1.0 0.0 3.0 8.0 12.0 11.0 32.0 24.0 13.0 0.0 0.0 0.0 0.0 0.0 0.0 159.0 159.0 0.0 0.0 0.0 0.0 0.0 5.0 98.0 159.0 0.0 0.0 2.0 32.0 18.0 6.0 17.0 8.0 0.0 0.0 0.0 21.0 48.0 18.0 1.0 2.0 0.0 0.0 0.0 0.0 0.0 0.0 31.0 108.0 0.0 0.0 0.0 0.0 0.0 0.0 145.0 159.0 0.0 0.0 0.0 0.0 2.0 1.0 61.0 67.0 0.0 0.0 0.0 13.0 21.0 4.0
2.0 11.0 21.0 5.0 2.0 0.0 0.0 0.0 84.0 62.0 4.0 0.0 0.0 0.0 0.0 0.0 190.0 96.0 0.0 0.0 0.0 0.0 0.0 0.0 44.0 9.0 0.0 0.0 0.0 0.0 0.0 0.0 38.0 73.0 19.0 0.0 0.0 0.0 0.0 1.0 113.0 37.0 3.0 1.0 0.0 0.0 0.0 2.0 190.0 32.0 0.0 0.0 0.0 0.0 0.0 16.0 78.0 2.0 0.0 0.0 0.0 0.0 0.0 4.0 71.0 58.0 4.0 0.0 0.0 0.0 0.0 6.0 132.0 60.0 14.0 0.0 0.0 0.0 0.0 2.0 190.0 11.0 0.0 0.0 0.0 0.0 0.0 22.0 67.0 0.0 0.0 0.0 0.0 0.0 0.0 5.0 6.0 35.0 26.0 12.0 3.0 0.0 1.0 1.0 131.0 86.0 32.0 0.0 0.0 0.0 0.0 0.0 190.0 30.0 0.0 0.0 0.0 0.0 0.0 3.0 49.0 1.0 0.0 0.0 0.0 0.0 0.0 1.0
0.0 0.0 0.0 2.0 55.0 2.0 0.0 0.0 32.0 24.0 8.0 29.0 162.0 5.0 0.0 0.0 162.0 70.0 4.0 5.0 14.0 0.0 0.0 0.0 25.0 4.0 0.0 0.0 0.0 0.0 0.0 0.0 0.0 0.0 0.0 3.0 74.0 2.0 0.0 0.0 59.0 7.0 0.0 19.0 162.0 10.0 0.0 1.0 162.0 21.0 0.0 3.0 26.0 1.0 0.0 1.0 45.0 1.0 0.0 0.0 0.0 0.0 0.0 0.0 0.0 0.0 0.0 0.0 58.0 9.0 0.0 0.0 47.0 1.0 0.0 1.0 162.0 71.0 1.0 5.0 162.0 16.0 0.0 0.0 27.0 12.0 1.0 7.0 50.0 3.0 0.0 0.0 0.0 0.0 0.0 0.0 0.0 0.0 0.0 0.0 25.0 6.0 0.0 0.0 15.0 0.0 0.0 0.0 162.0 83.0 11.0 8.0 162.0 8.0 0.0 0.0 19.0 21.0 15.0 49.0 39.0 2.0 0.0 0.0 0.0 0.0 0.0 5.0
16.0 1.0 3.0 4.0 2.0 53.0 86.0 52.0 25.0 9.0 21.0 25.0 2.0 42.0 129.0 93.0 129.0 66.0 12.0 4.0 0.0 0.0 14.0 73.0 28.0 12.0 0.0 0.0 0.0 0.0 0.0 1.0 2.0 0.0 4.0 30.0 61.0 58.0 56.0 23.0 17.0 34.0 92.0 129.0 59.0 56.0 27.0 16.0 129.0 129.0 45.0 16.0 2.0 4.0 10.0 42.0 75.0 15.0 3.0 0.0 0.0 0.0 0.0 3.0 7.0 1.0 2.0 17.0 48.0 69.0 25.0 7.0 11.0 3.0 3.0 13.0 33.0 129.0 129.0 43.0 118.0 11.0 4.0 5.0 6.0 16.0 128.0 129.0 35.0 20.0 35.0 12.0 6.0 2.0 1.0 13.0 14.0 1.0 1.0 3.0 5.0 10.0 19.0 28.0 9.0 0.0 0.0 0.0 0.0 9.0 53.0 20.0 0.0 0.0 0.0 2.0 15.0 23.0 38.0 12.0 8.0 5.0 5.0 7.0 13.0 21.0 22.0 14.0
0.0 0.0 0.0 8.0 6.0 0.0 0.0 0.0 1.0 8.0 23.0 136.0 37.0 0.0 0.0 0.0 69.0 82.0 40.0 45.0 3.0 0.0 0.0 0.0 32.0 9.0 0.0 0.0 0.0 0.0 0.0 0.0 0.0 0.0 0.0 19.0 53.0 3.0 0.0 0.0 23.0 29.0 33.0 148.0 148.0 32.0 4.0 7.0 148.0 136.0 39.0 54.0 21.0 7.0 4.0 29.0 79.0 7.0 0.0 0.0 0.0 0.0 0.0 2.0 0.0 0.0 0.0 1.0 44.0 23.0 0.0 0.0 15.0 2.0 1.0 15.0 148.0 148.0 76.0 38.0 148.0 8.0 1.0 3.0 13.0 45.0 80.0 148.0 52.0 0.0 0.0 0.0 0.0 0.0 0.0 17.0 0.0 0.0 0.0 0.0 2.0 6.0 0.0 0.0 0.0 0.0 0.0 0.0 4.0 65.0 40.0 6.0 8.0 0.0 0.0 0.0 0.0 12.0 49.0 59.0 4.0 0.0 0.0 0.0 0.0 0.0 0.0 8.0
0.0 0.0 0.0 0.0 0.0 0.0 0.0 0.0 48.0 0.0 0.0 0.0 0.0 0.0 0.0 38.0 119.0 0.0 0.0 0.0 0.0 0.0 17.0 164.0 7.0 1.0 0.0 0.0 0.0 1.0 89.0 133.0 1.0 0.0 0.0 0.0 0.0 0.0 0.0 0.0 158.0 5.0 0.0 0.0 0.0 0.0 0.0 12.0 164.0 19.0 0.0 1.0 1.0 0.0 1.0 63.0 48.0 16.0 21.0 30.0 16.0 2.0 11.0 36.0 1.0 0.0 0.0 0.0 0.0 0.0 0.0 0.0 142.0 17.0 0.0 0.0 0.0 0.0 0.0 1.0 164.0 102.0 1.0 1.0 1.0 0.0 0.0 1.0 46.0 37.0 18.0 17.0 36.0 26.0 5.0 2.0 0.0 0.0 0.0 0.0 0.0 0.0 0.0 0.0 33.0 31.0 0.0 0.0 0.0 0.0 0.0 0.0 104.0 164.0 17.0 0.0 0.0 0.0 0.0 0.0 9.0 101.0 125.0 10.0 2.0 2.0 1.0 0.0
4.0 0.0 0.0 0.0 0.0 0.0 0.0 3.0 78.0 0.0 0.0 0.0 0.0 0.0 0.0 143.0 63.0 0.0 0.0 0.0 0.0 0.0 0.0 155.0 32.0 0.0 0.0 0.0 0.0 0.0 1.0 92.0 26.0 0.0 0.0 0.0 0.0 0.0 0.0 6.0 155.0 7.0 0.0 0.0 0.0 0.0 0.0 124.0 155.0 6.0 0.0 0.0 0.0 0.0 0.0 123.0 44.0 0.0 0.0 0.0 0.0 0.0 0.0 27.0 31.0 4.0 0.0 0.0 0.0 0.0 0.0 1.0 155.0 75.0 0.0 0.0 0.0 0.0 0.0 10.0 155.0 65.0 0.0 0.0 0.0 0.0 0.0 7.0 50.0 4.0 0.0 0.0 0.0 0.0 1.0 9.0 20.0 1.0 0.0 0.0 0.0 0.0 0.0 1.0 155.0 19.0 0.0 0.0 0.0 0.0 0.0 12.0 155.0 48.0 0.0 0.0 0.0 0.0 0.0 3.0 48.0 27.0 0.0 0.0 0.0 0.0 1.0 2.0
22.0 3.0 1.0 7.0 68.0 14.0 0.0 0.0 176.0 50.0 0.0 0.0 12.0 3.0 0.0 2.0 133.0 18.0 0.0 0.0 0.0 0.0 0.0 0.0 1.0 0.0 0.0 0.0 0.0 0.0 0.0 0.0 21.0 0.0 1.0 12.0 62.0 12.0 2.0 6.0 176.0 11.0 0.0 1.0 13.0 2.0 0.0 45.0 176.0 6.0 0.0 0.0 0.0 0.0 0.0 9.0 2.0 0.0 0.0 0.0 0.0 0.0 0.0 0.0 23.0 2.0 0.0 3.0 64.0 23.0 3.0 2.0 176.0 36.0 0.0 1.0 11.0 3.0 0.0 11.0 176.0 15.0 0.0 0.0 0.0 0.0 0.0 2.0 2.0 0.0 0.0 0.0 0.0 0.0 0.0 0.0 12.0 4.0 1.0 10.0 67.0 1.0 0.0 0.0 176.0 26.0 0.0 3.0 14.0 0.0 0.0 5.0 175.0 5.0 0.0 0.0 0.0 0.0 0.0 2.0 2.0 0.0 0.0 0.0 0.0 0.0 0.0 0.0
1.0 0.0 0.0 0.0 0.0 0.0 0.0 0.0 165.0 3.0 0.0 0.0 0.0 0.0 0.0 3.0 183.0 30.0 4.0 4.0 0.0 0.0 0.0 7.0 17.0 9.0 7.0 35.0 8.0 1.0 3.0 7.0 1.0 0.0 0.0 0.0 0.0 0.0 0.0 0.0 179.0 16.0 0.0 0.0 0.0 0.0 0.0 1.0 183.0 36.0 0.0 1.0 2.0 0.0 0.0 5.0 35.0 17.0 5.0 7.0 9.0 1.0 2.0 9.0 1.0 0.0 0.0 0.0 0.0 0.0 0.0 0.0 180.0 2.0 0.0 0.0 0.0 0.0 0.0 11.0 183.0 4.0 0.0 0.0 2.0 5.0 3.0 46.0 26.0 11.0 5.0 3.0 14.0 47.0 8.0 8.0 0.0 0.0 0.0 0.0 0.0 0.0 0.0 0.0 141.0 12.0 0.0 0.0 0.0 0.0 0.0 1.0 183.0 40.0 0.0 0.0 0.0 1.0 2.0 12.0 32.0 7.0 1.0 3.0 14.0 39.0 8.0 5.0
0.0 0.0 0.0 0.0 0.0 0.0 0.0 0.0 38.0 0.0 0.0 0.0 0.0 0.0 0.0 34.0 131.0 0.0 0.0 0.0 1.0 1.0 2.0 163.0 27.0 0.0 0.0 3.0 43.0 8.0 6.0 97.0 1.0 0.0 0.0 0.0 0.0 0.0 0.0 0.0 162.0 2.0 0.0 0.0 0.0 0.0 0.0 18.0 163.0 11.0 0.0 2.0 12.0 2.0 2.0 103.0 24.0 3.0 0.0 15.0 102.0 5.0 3.0 20.0 1.0 0.0 0.0 0.0 0.0 0.0 0.0 0.0 163.0 12.0 0.0 0.0 0.0 0.0 0.0 0.0 163.0 69.0 0.0 6.0 12.0 0.0 0.0 0.0 25.0 13.0 1.0 21.0 95.0 0.0 0.0 0.0 0.0 0.0 0.0 0.0 0.0 0.0 0.0 0.0 60.0 29.0 0.0 0.0 0.0 0.0 0.0 0.0 163.0 154.0 1.0 2.0 3.0 0.0 0.0 1.0 33.0 30.0 2.0 8.0 51.0 1.0 0.0 0.0
51.0 1.0 0.0 0.0 0.0 0.0 0.0 4.0 167.0 4.0 0.0 0.0 17.0 9.0 2.0 55.0 60.0 3.0 0.0 0.0 114.0 45.0 4.0 19.0 94.0 6.0 0.0 0.0 4.0 2.0 0.0 19.0 73.0 2.0 0.0 0.0 0.0 0.0 0.0 2.0 167.0 12.0 0.0 1.0 20.0 7.0 1.0 32.0 79.0 3.0 0.0 4.0 145.0 54.0 6.0 24.0 89.0 0.0 0.0 0.0 5.0 5.0 3.0 65.0 59.0 9.0 0.0 0.0 0.0 0.0 0.0 1.0 167.0 108.0 7.0 10.0 9.0 1.0 0.0 9.0 72.0 37.0 11.0 56.0 85.0 5.0 0.0 5.0 116.0 18.0 0.0 2.0 4.0 1.0 0.0 11.0 38.0 2.0 0.0 0.0 0.0 0.0 0.0 3.0 167.0 27.0 2.0 3.0 5.0 2.0 1.0 38.0 62.0 13.0 4.0 22.0 33.0 8.0 2.0 15.0 98.0 7.0 0.0 1.0 0.0 0.0 0.0 20.0
38.0 3.0 0.0 1.0 13.0 3.0 1.0 4.0 171.0 14.0 0.0 1.0 49.0 3.0 0.0 11.0 32.0 2.0 0.0 3.0 171.0 16.0 0.0 2.0 0.0 0.0 0.0 0.0 37.0 1.0 0.0 0.0 45.0 1.0 0.0 1.0 24.0 6.0 2.0 5.0 171.0 9.0 1.0 3.0 49.0 6.0 2.0 14.0 48.0 2.0 1.0 16.0 171.0 24.0 1.0 2.0 0.0 0.0 0.0 1.0 55.0 1.0 0.0 0.0 39.0 3.0 3.0 3.0 9.0 3.0 1.0 4.0 171.0 47.0 11.0 41.0 32.0 1.0 1.0 7.0 25.0 11.0 9.0 142.0 171.0 0.0 0.0 0.0 0.0 0.0 0.0 8.0 34.0 0.0 0.0 0.0 26.0 3.0 1.0 1.0 5.0 6.0 1.0 7.0 120.0 24.0 6.0 29.0 40.0 4.0 0.0 18.0 3.0 4.0 3.0 72.0 121.0 2.0 0.0 1.0 0.0 0.0 0.0 3.0 7.0 0.0 0.0 0.0
0.0 0.0 0.0 0.0 0.0 0.0 0.0 0.0 112.0 2.0 0.0 0.0 0.0 0.0 0.0 14.0 185.0 9.0 0.0 0.0 0.0 0.0 0.0 49.0 45.0 10.0 2.0 2.0 1.0 0.0 1.0 9.0 1.0 0.0 0.0 0.0 0.0 0.0 0.0 0.0 182.0 3.0 0.0 0.0 0.0 0.0 0.0 8.0 185.0 13.0 0.0 0.0 0.0 0.0 0.0 29.0 41.0 5.0 0.0 12.0 22.0 0.0 1.0 7.0 1.0 0.0 0.0 0.0 0.0 0.0 0.0 0.0 179.0 12.0 0.0 0.0 0.0 0.0 0.0 5.0 185.0 45.0 0.0 0.0 1.0 1.0 0.0 28.0 35.0 6.0 0.0 16.0 48.0 1.0 1.0 6.0 0.0 0.0 0.0 0.0 0.0 0.0 0.0 0.0 73.0 31.0 0.0 0.0 0.0 0.0 0.0 0.0 185.0 148.0 0.0 0.0 1.0 0.0 0.0 0.0 48.0 25.0 0.0 9.0 41.0 9.0 1.0 0.0
0.0 0.0 0.0 0.0 0.0 0.0 0.0 0.0 125.0 5.0 0.0 0.0 0.0 0.0 0.0 2.0 185.0 14.0 0.0 0.0 0.0 0.0 0.0 16.0 100.0 5.0 0.0 0.0 0.0 0.0 0.0 20.0 0.0 0.0 0.0 0.0 0.0 0.0 0.0 0.0 156.0 5.0 0.0 0.0 0.0 0.0 0.0 3.0 185.0 15.0 0.0 0.0 0.0 0.0 0.0 22.0 120.0 5.0 0.0 0.0 0.0 0.0 0.0 27.0 0.0 0.0 0.0 0.0 0.0 0.0 0.0 0.0 140.0 12.0 0.0 0.0 0.0 0.0 0.0 1.0 185.0 52.0 0.0 0.0 0.0 0.0 0.0 20.0 89.0 25.0 5.0 0.0 0.0 0.0 0.0 13.0 0.0 0.0 0.0 0.0 0.0 0.0 0.0 0.0 58.0 19.0 0.0 0.0 0.0 0.0 0.0 0.0 185.0 122.0 0.0 0.0 0.0 0.0 0.0 0.0 80.0 40.0 4.0 0.0 0.0 0.0 0.0 1.0
52.0 1.0 0.0 0.0 0.0 0.0 0.0 6.0 141.0 1.0 0.0 0.0 0.0 0.0 0.0 61.0 96.0 9.0 5.0 0.0 0.0 0.0 0.0 29.0 15.0 15.0 6.0 0.0 0.0 0.0 4.0 63.0 84.0 4.0 0.0 0.0 0.0 0.0 0.0 8.0 141.0 9.0 4.0 2.0 0.0 0.0 0.0 43.0 90.0 32.0 61.0 11.0 0.0 0.0 0.0 28.0 46.0 80.0 54.0 0.0 0.0 0.0 1.0 49.0 97.0 6.0 0.0 0.0 0.0 0.0 0.0 1.0 141.0 24.0 11.0 16.0 7.0 7.0 2.0 13.0 27.0 37.0 141.0 87.0 29.0 35.0 25.0 14.0 71.0 131.0 106.0 4.0 0.0 2.0 12.0 70.0 72.0 9.0 0.0 0.0 0.0 0.0 0.0 0.0 141.0 11.0 0.0 1.0 3.0 12.0 8.0 23.0 29.0 4.0 1.0 5.0 14.0 67.0 84.0 39.0 54.0 14.0 2.0 0.0 0.0 2.0 36.0 135.0
0.0 0.0 0.0 0.0 0.0 0.0 0.0 2.0 1.0 0.0 0.0 0.0 0.0 0.0 26.0 37.0 0.0 0.0 0.0 0.0 0.0 5.0 107.0 19.0 0.0 0.0 0.0 0.0 0.0 1.0 84.0 29.0 26.0 1.0 0.0 0.0 0.0 0.0 0.0 17.0 121.0 4.0 0.0 0.0 0.0 4.0 64.0 152.0 13.0 0.0 0.0 0.0 10.0 103.0 152.0 84.0 0.0 0.0 0.0 0.0 1.0 23.0 152.0 70.0 54.0 8.0 0.0 0.0 0.0 0.0 0.0 5.0 152.0 53.0 0.0 0.0 0.0 6.0 7.0 65.0 102.0 8.0 1.0 2.0 14.0 145.0 52.0 29.0 0.0 0.0 0.0 0.0 2.0 35.0 95.0 77.0 49.0 2.0 0.0 0.0 0.0 0.0 0.0 11.0 152.0 17.0 2.0 1.0 0.0 0.0 0.0 75.0 90.0 17.0 23.0 17.0 5.0 17.0 8.0 15.0 11.0 9.0 15.0 3.0 1.0 7.0 27.0 34.0
21.0 0.0 0.0 0.0 0.0 0.0 0.0 2.0 174.0 0.0 0.0 0.0 0.0 0.0 0.0 30.0 174.0 0.0 0.0 3.0 17.0 2.0 0.0 16.0 0.0 0.0 0.0 6.0 19.0 6.0 3.0 0.0 40.0 1.0 0.0 0.0 0.0 0.0 0.0 7.0 174.0 8.0 0.0 0.0 0.0 0.0 0.0 83.0 164.0 4.0 0.0 3.0 26.0 2.0 0.0 36.0 0.0 0.0 0.0 1.0 14.0 5.0 8.0 2.0 41.0 7.0 0.0 0.0 0.0 0.0 0.0 1.0 174.0 91.0 0.0 0.0 0.0 0.0 0.0 8.0 150.0 48.0 2.0 5.0 10.0 1.0 1.0 4.0 1.0 1.0 0.0 4.0 10.0 3.0 5.0 4.0 18.0 3.0 0.0 0.0 0.0 0.0 0.0 0.0 174.0 55.0 0.0 0.0 0.0 0.0 0.0 0.0 174.0 34.0 1.0 1.0 2.0 0.0 0.0 0.0 1.0 2.0 5.0 12.0 7.0 0.0 0.0 0.0
9.0 0.0 0.0 0.0 0.0 0.0 0.0 5.0 133.0 0.0 0.0 0.0 0.0 0.0 0.0 102.0 95.0 0.0 0.0 0.0 0.0 0.0 4.0 133.0 38.0 0.0 0.0 0.0 0.0 0.0 3.0 89.0 35.0 0.0 0.0 0.0 0.0 0.0 0.0 8.0 133.0 6.0 0.0 0.0 0.0 0.0 0.0 104.0 133.0 3.0 0.0 0.0 0.0 0.0 0.0 92.0 77.0 0.0 0.0 0.0 0.0 0.0 0.0 60.0 36.0 7.0 0.0 0.0 0.0 0.0 0.0 1.0 133.0 108.0 0.0 0.0 0.0 0.0 0.0 7.0 133.0 78.0 0.0 0.0 0.0 0.0 0.0 6.0 110.0 18.0 0.0 0.0 0.0 0.0 0.0 10.0 7.0 5.0 0.0 0.0 0.0 0.0 0.0 0.0 97.0 131.0 0.0 0.0 0.0 0.0 0.0 0.0 112.0 133.0 0.0 0.0 0.0 0.0 0.0 0.0 68.0 66.0 1.0 0.0 0.0 0.0 0.0 0.0
4.0 0.0 0.0 0.0 0.0 0.0 0.0 3.0 89.0 0.0 0.0 0.0 0.0 0.0 0.0 92.0 128.0 4.0 0.0 0.0 0.0 0.0 0.0 118.0 128.0 5.0 0.0 0.0 0.0 0.0 0.0 24.0 22.0 1.0 0.0 0.0 0.0 0.0 0.0 5.0 128.0 16.0 0.0 0.0 0.0 0.0 0.0 92.0 128.0 16.0 1.0 0.0 0.0 0.0 0.0 66.0 128.0 19.0 0.0 0.0 0.0 0.0 1.0 16.0 15.0 7.0 0.0 0.0 0.0 0.0 0.0 0.0 128.0 128.0 0.0 0.0 0.0 0.0 0.0 4.0 92.0 128.0 3.0 0.0 0.0 0.0 0.0 2.0 128.0 66.0 0.0 0.0 0.0 0.0 0.0 2.0 1.0 2.0 0.0 0.0 0.0 0.0 0.0 0.0 24.0 75.0 0.0 0.0 0.0 0.0 0.0 0.0 128.0 128.0 0.0 0.0 0.0 0.0 0.0 1.0 128.0 31.0 0.0 0.0 0.0 0.0 0.0 19.0
0.0 0.0 0.0 0.0 0.0 1.0 3.0 1.0 17.0 0.0 0.0 0.0 0.0 0.0 8.0 31.0 11.0 0.0 0.0 0.0 0.0 33.0 84.0 41.0 0.0 0.0 0.0 0.0 2.0 55.0 20.0 0.0 0.0 0.0 0.0 0.0 0.0 41.0 94.0 1.0 87.0 6.0 0.0 0.0 0.0 16.0 57.0 38.0 131.0 15.0 0.0 3.0 26.0 51.0 59.0 70.0 3.0 1.0 0.0 5.0 119.0 117.0 18.0 2.0 0.0 0.0 0.0 0.0 0.0 62.0 131.0 0.0 15.0 1.0 0.0 0.0 0.0 44.0 131.0 50.0 61.0 5.0 0.0 4.0 29.0 29.0 73.0 107.0 2.0 1.0 0.0 6.0 96.0 123.0 53.0 1.0 0.0 0.0 0.0 0.0 0.0 35.0 131.0 0.0 0.0 0.0 0.0 0.0 0.0 34.0 131.0 5.0 0.0 0.0 0.0 0.0 0.0 25.0 131.0 13.0 0.0 0.0 0.0 0.0 1.0 57.0 131.0 0.0
7.0 0.0 0.0 0.0 0.0 0.0 0.0 4.0 88.0 0.0 0.0 0.0 0.0 0.0 0.0 84.0 105.0 2.0 0.0 0.0 0.0 0.0 3.0 129.0 66.0 7.0 0.0 0.0 1.0 4.0 49.0 129.0 27.0 1.0 0.0 0.0 0.0 0.0 0.0 5.0 129.0 8.0 0.0 0.0 0.0 0.0 0.0 76.0 129.0 21.0 0.0 0.0 0.0 0.0 0.0 70.0 129.0 73.0 6.0 2.0 1.0 1.0 1.0 12.0 22.0 6.0 0.0 0.0 0.0 0.0 0.0 0.0 129.0 108.0 0.0 0.0 0.0 0.0 0.0 5.0 124.0 129.0 1.0 0.0 0.0 0.0 0.0 7.0 84.0 110.0 4.0 0.0 0.0 0.0 0.0 1.0 3.0 3.0 0.0 0.0 0.0 0.0 0.0 0.0 33.0 103.0 2.0 0.0 0.0 0.0 0.0 0.0 14.0 129.0 27.0 0.0 0.0 0.0 0.0 0.0 7.0 129.0 41.0 0.0 0.0 0.0 0.0 0.0
76.0 7.0 0.0 0.0 0.0 0.0 0.0 1.0 150.0 31.0 0.0 0.0 0.0 0.0 0.0 18.0 94.0 49.0 30.0 9.0 0.0 0.0 0.0 6.0 0.0 11.0 47.0 27.0 0.0 0.0 0.0 0.0 101.0 7.0 0.0 0.0 0.0 0.0 0.0 3.0 150.0 48.0 3.0 2.0 2.0 2.0 2.0 67.0 51.0 18.0 39.0 43.0 38.0 7.0 4.0 25.0 0.0 32.0 60.0 15.0 2.0 0.0 0.0 0.0 40.0 27.0 0.0 0.0 0.0 0.0 0.0 0.0 149.0 150.0 67.0 4.0 1.0 1.0 0.0 3.0 12.0 116.0 150.0 64.0 21.0 1.0 0.0 1.0 0.0 55.0 123.0 18.0 2.0 0.0 0.0 0.0 1.0 5.0 0.0 0.0 0.0 0.0 0.0 0.0 2.0 66.0 33.0 0.0 0.0 0.0 0.0 0.0 0.0 81.0 135.0 1.0 0.0 0.0 0.0 0.0 0.0 24.0 150.0 16.0 0.0 0.0 0.0 0.0
1.0 0.0 0.0 0.0 0.0 0.0 0.0 2.0 52.0 0.0 0.0 0.0 0.0 0.0 0.0 92.0 135.0 20.0 28.0 28.0 3.0 0.0 1.0 108.0 24.0 13.0 40.0 103.0 41.0 3.0 1.0 4.0 23.0 0.0 0.0 0.0 0.0 0.0 0.0 10.0 135.0 4.0 0.0 2.0 9.0 3.0 6.0 135.0 47.0 9.0 22.0 90.0 123.0 9.0 13.0 107.0 65.0 34.0 34.0 48.0 12.0 0.0 0.0 5.0 42.0 4.0 0.0 0.0 0.0 0.0 0.0 2.0 135.0 77.0 4.0 15.0 19.0 1.0 1.0 23.0 48.0 30.0 7.0 97.0 135.0 1.0 1.0 7.0 94.0 66.0 2.0 13.0 25.0 0.0 0.0 0.0 20.0 3.0 0.0 0.0 0.0 0.0 0.0 0.0 135.0 64.0 4.0 10.0 8.0 0.0 0.0 0.0 27.0 24.0 6.0 57.0 125.0 3.0 0.0 0.0 58.0 36.0 0.0 5.0 15.0 1.0 0.0 2.0
0.0 0.0 0.0 0.0 0.0 0.0 0.0 0.0 80.0 0.0 0.0 0.0 0.0 0.0 0.0 12.0 159.0 0.0 0.0 0.0 0.0 0.0 0.0 70.0 68.0 1.0 1.0 24.0 20.0 0.0 0.0 18.0 0.0 0.0 0.0 0.0 0.0 0.0 0.0 0.0 141.0 2.0 0.0 0.0 0.0 0.0 0.0 8.0 159.0 8.0 0.0 1.0 0.0 0.0 0.0 40.0 58.0 2.0 1.0 89.0 93.0 0.0 0.0 6.0 0.0 0.0 0.0 0.0 0.0 0.0 0.0 0.0 105.0 27.0 0.0 0.0 0.0 0.0 0.0 0.0 159.0 159.0 27.0 10.0 1.0 0.0 0.0 0.0 28.0 34.0 40.0 159.0 115.0 0.0 0.0 0.0 0.0 0.0 0.0 0.0 0.0 0.0 0.0 0.0 10.0 20.0 0.0 0.0 0.0 0.0 0.0 0.0 22.0 142.0 72.0 9.0 0.0 0.0 0.0 0.0 1.0 23.0 88.0 114.0 11.0 0.0 0.0 0.0
73.0 47.0 7.0 16.0 3.0 0.0 0.0 0.0 128.0 128.0 6.0 16.0 19.0 0.0 0.0 1.0 25.0 23.0 3.0 52.0 128.0 0.0 0.0 0.0 0.0 0.0 3.0 62.0 26.0 0.0 0.0 0.0 86.0 72.0 5.0 7.0 1.0 0.0 0.0 3.0 128.0 41.0 4.0 13.0 18.0 0.0 0.0 29.0 45.0 9.0 3.0 111.0 128.0 0.0 0.0 4.0 0.0 0.0 18.0 84.0 25.0 0.0 0.0 0.0 60.0 117.0 2.0 0.0 0.0 0.0 0.0 0.0 108.0 128.0 35.0 26.0 7.0 0.0 0.0 3.0 10.0 33.0 40.0 128.0 98.0 0.0 0.0 0.0 0.0 2.0 27.0 45.0 15.0 0.0 0.0 0.0 8.0 68.0 10.0 0.0 0.0 0.0 0.0 0.0 2.0 119.0 79.0 7.0 0.0 0.0 0.0 0.0 0.0 22.0 101.0 69.0 5.0 0.0 0.0 0.0 0.0 3.0 67.0 30.0 1.0 0.0 0.0 0.0
34.0 0.0 0.0 0.0 0.0 0.0 0.0 2.0 171.0 0.0 0.0 0.0 0.0 0.0 0.0 66.0 47.0 0.0 0.0 0.0 0.0 5.0 40.0 79.0 0.0 0.0 0.0 0.0 0.0 13.0 73.0 18.0 53.0 1.0 0.0 0.0 0.0 0.0 0.0 1.0 171.0 3.0 0.0 0.0 0.0 0.0 1.0 53.0 90.0 1.0 0.0 0.0 0.0 1.0 35.0 86.0 1.0 0.0 0.0 0.0 0.0 6.0 56.0 32.0 49.0 3.0 0.0 0.0 0.0 0.0 0.0 0.0 171.0 42.0 0.0 0.0 0.0 0.0 0.0 6.0 171.0 17.0 0.0 0.0 0.0 4.0 22.0 44.0 5.0 0.0 0.0 0.0 0.0 11.0 37.0 29.0 21.0 6.0 0.0 0.0 0.0 0.0 0.0 0.0 171.0 119.0 0.0 0.0 0.0 0.0 0.0 0.0 171.0 117.0 3.0 1.0 0.0 2.0 2.0 7.0 15.0 10.0 5.0 2.0 1.0 5.0 6.0 9.0
12.0 0.0 0.0 0.0 0.0 0.0 0.0 7.0 151.0 0.0 0.0 0.0 0.0 0.0 0.0 151.0 81.0 0.0 0.0 0.0 4.0 9.0 12.0 151.0 49.0 0.0 0.0 0.0 1.0 3.0 5.0 39.0 46.0 0.0 0.0 0.0 0.0 0.0 0.0 8.0 151.0 9.0 0.0 0.0 0.0 0.0 0.0 95.0 113.0 5.0 1.0 1.0 21.0 18.0 5.0 54.0 53.0 0.0 0.0 0.0 3.0 4.0 2.0 34.0 43.0 8.0 0.0 0.0 0.0 0.0 0.0 1.0 151.0 118.0 0.0 0.0 0.0 0.0 0.0 7.0 129.0 61.0 4.0 3.0 7.0 2.0 1.0 24.0 29.0 0.0 0.0 0.0 1.0 1.0 1.0 44.0 19.0 2.0 0.0 0.0 0.0 0.0 0.0 15.0 151.0 30.0 0.0 0.0 0.0 0.0 0.0 103.0 151.0 13.0 0.0 0.0 0.0 0.0 0.0 82.0 11.0 0.0 0.0 0.0 0.0 4.0 12.0 34.0
80.0 6.0 0.0 0.0 0.0 0.0 0.0 0.0 175.0 29.0 0.0 0.0 0.0 0.0 0.0 0.0 112.0 25.0 0.0 0.0 0.0 0.0 0.0 1.0 72.0 14.0 0.0 0.0 0.0 0.0 0.0 0.0 91.0 6.0 0.0 0.0 0.0 0.0 0.0 0.0 175.0 17.0 0.0 0.0 0.0 0.0 0.0 3.0 162.0 6.0 0.0 0.0 0.0 0.0 0.0 11.0 99.0 6.0 0.0 0.0 0.0 0.0 0.0 3.0 81.0 5.0 0.0 0.0 0.0 0.0 0.0 0.0 175.0 22.0 0.0 0.0 0.0 0.0 0.0 1.0 153.0 25.0 0.0 0.0 0.0 0.0 0.0 2.0 103.0 13.0 0.0 0.0 0.0 0.0 0.0 3.0 59.0 3.0 0.0 0.0 0.0 0.0 0.0 0.0 175.0 11.0 0.0 0.0 0.0 0.0 0.0 1.0 123.0 9.0 0.0 0.0 0.0 0.0 0.0 2.0 92.0 11.0 0.0 0.0 0.0 0.0 0.0 0.0
0.0 0.0 0.0 0.0 0.0 0.0 0.0 0.0 79.0 0.0 0.0 0.0 0.0 0.0 0.0 22.0 190.0 3.0 0.0 1.0 1.0 0.0 0.0 101.0 65.0 3.0 1.0 33.0 32.0 4.0 1.0 15.0 0.0 0.0 0.0 0.0 0.0 0.0 0.0 0.0 156.0 8.0 0.0 0.0 0.0 0.0 0.0 10.0 190.0 62.0 1.0 1.0 1.0 0.0 0.0 37.0 44.0 37.0 2.0 5.0 16.0 16.0 7.0 12.0 0.0 0.0 0.0 0.0 0.0 0.0 0.0 0.0 166.0 4.0 0.0 0.0 0.0 0.0 0.0 4.0 190.0 13.0 0.0 0.0 0.0 0.0 5.0 74.0 38.0 10.0 0.0 0.0 4.0 5.0 26.0 61.0 0.0 0.0 0.0 0.0 0.0 0.0 0.0 0.0 116.0 14.0 0.0 0.0 0.0 0.0 0.0 0.0 190.0 39.0 0.0 0.0 1.0 1.0 3.0 34.0 49.0 4.0 0.0 2.0 41.0 12.0 14.0 27.0
12.0 0.0 0.0 0.0 0.0 0.0 0.0 4.0 165.0 0.0 0.0 0.0 0.0 0.0 0.0 69.0 165.0 0.0 0.0 0.0 0.0 0.0 0.0 65.0 45.0 0.0 0.0 0.0 0.0 0.0 0.0 19.0 37.0 1.0 0.0 0.0 0.0 0.0 0.0 8.0 165.0 7.0 0.0 0.0 0.0 0.0 0.0 127.0 141.0 4.0 0.0 1.0 0.0 0.0 4.0 110.0 44.0 4.0 0.0 0.0 0.0 0.0 0.0 13.0 41.0 5.0 0.0 0.0 0.0 0.0 0.0 1.0 165.0 77.0 0.0 0.0 0.0 0.0 0.0 14.0 159.0 45.0 3.0 3.0 1.0 0.0 1.0 10.0 43.0 10.0 0.0 1.0 0.0 0.0 0.0 0.0 27.0 1.0 0.0 0.0 0.0 0.0 0.0 3.0 165.0 13.0 0.0 0.0 0.0 0.0 0.0 33.0 148.0 18.0 2.0 1.0 1.0 0.0 0.0 12.0 32.0 16.0 1.0 0.0 0.0 0.0 0.0 0.0
4.0 21.0 15.0 0.0 0.0 0.0 6.0 3.0 30.0 8.0 2.0 0.0 0.0 1.0 12.0 88.0 10.0 0.0 0.0 0.0 0.0 4.0 43.0 125.0 3.0 0.0 0.0 0.0 0.0 5.0 27.0 67.0 31.0 27.0 15.0 1.0 2.0 9.0 1.0 1.0 125.0 39.0 5.0 1.0 1.0 1.0 8.0 125.0 43.0 11.0 9.0 19.0 29.0 26.0 57.0 117.0 18.0 0.0 0.0 1.0 6.0 9.0 49.0 125.0 24.0 8.0 0.0 0.0 5.0 30.0 10.0 4.0 125.0 125.0 23.0 2.0 1.0 4.0 5.0 23.0 82.0 125.0 85.0 34.0 11.0 1.0 2.0 19.0 125.0 125.0 35.0 5.0 2.0 1.0 17.0 102.0 13.0 4.0 4.0 1.0 1.0 12.0 24.0 33.0 31.0 20.0 2.0 0.0 0.0 4.0 58.0 125.0 21.0 55.0 8.0 0.0 0.0 10.0 46.0 35.0 31.0 125.0 38.0 1.0 0.0 1.0 16.0 27.0
4.0 1.0 0.0 0.0 0.0 0.0 0.0 0.0 165.0 70.0 0.0 0.0 0.0 0.0 0.0 0.0 165.0 100.0 1.0 3.0 12.0 1.0 0.0 0.0 27.0 16.0 0.0 2.0 8.0 1.0 0.0 0.0 1.0 0.0 0.0 0.0 0.0 0.0 0.0 0.0 165.0 45.0 0.0 0.0 0.0 0.0 0.0 2.0 165.0 80.0 0.0 1.0 2.0 6.0 3.0 23.0 33.0 13.0 0.0 1.0 2.0 14.0 5.0 6.0 1.0 0.0 0.0 0.0 0.0 0.0 0.0 0.0 165.0 11.0 0.0 0.0 0.0 0.0 0.0 10.0 165.0 37.0 0.0 0.0 7.0 9.0 3.0 54.0 23.0 5.0 0.0 1.0 27.0 26.0 4.0 9.0 0.0 0.0 0.0 0.0 0.0 0.0 0.0 0.0 76.0 40.0 0.0 0.0 0.0 0.0 0.0 0.0 165.0 165.0 0.0 0.0 4.0 1.0 0.0 1.0 30.0 50.0 1.0 1.0 35.0 14.0 0.0 0.0
13.0 0.0 0.0 0.0 0.0 0.0 0.0 4.0 162.0 0.0 0.0 0.0 0.0 0.0 0.0 117.0 109.0 0.0 0.0 0.0 13.0 11.0 4.0 87.0 7.0 0.0 0.0 1.0 8.0 5.0 4.0 36.0 40.0 0.0 0.0 0.0 0.0 0.0 0.0 5.0 162.0 13.0 0.0 0.0 0.0 0.0 1.0 85.0 118.0 9.0 0.0 0.0 6.0 26.0 18.0 43.0 4.0 0.0 1.0 1.0 2.0 6.0 14.0 43.0 43.0 1.0 0.0 0.0 0.0 0.0 0.0 5.0 162.0 108.0 0.0 0.0 0.0 0.0 0.0 27.0 123.0 122.0 1.0 1.0 2.0 6.0 8.0 12.0 5.0 3.0 4.0 9.0 14.0 3.0 6.0 3.0 51.0 0.0 0.0 0.0 0.0 0.0 0.0 27.0 162.0 15.0 0.0 0.0 0.0 0.0 4.0 162.0 76.0 23.0 0.0 3.0 3.0 0.0 5.0 108.0 5.0 1.0 0.0 15.0 22.0 0.0 0.0 2.0
0.0 0.0 0.0 7.0 2.0 0.0 0.0 0.0 0.0 7.0 45.0 74.0 4.0 0.0 0.0 0.0 9.0 66.0 54.0 13.0 0.0 0.0 0.0 0.0 5.0 9.0 0.0 0.0 0.0 0.0 0.0 0.0 0.0 0.0 0.0 31.0 51.0 2.0 0.0 0.0 19.0 42.0 89.0 145.0 145.0 26.0 6.0 8.0 145.0 145.0 87.0 47.0 10.0 5.0 5.0 32.0 53.0 16.0 0.0 0.0 0.0 0.0 0.0 2.0 0.0 0.0 0.0 5.0 54.0 32.0 0.0 0.0 17.0 6.0 4.0 37.0 145.0 145.0 136.0 53.0 145.0 21.0 4.0 6.0 9.0 30.0 109.0 145.0 40.0 1.0 0.0 0.0 0.0 0.0 0.0 21.0 0.0 0.0 0.0 0.0 1.0 8.0 1.0 0.0 0.0 0.0 0.0 0.0 1.0 44.0 54.0 7.0 2.0 0.0 0.0 0.0 0.0 4.0 44.0 43.0 1.0 0.0 0.0 0.0 0.0 0.0 0.0 5.0
28.0 3.0 0.0 0.0 0.0 0.0 0.0 2.0 157.0 12.0 0.0 0.0 3.0 8.0 6.0 37.0 20.0 1.0 0.0 1.0 31.0 64.0 18.0 19.0 5.0 2.0 0.0 0.0 2.0 6.0 12.0 41.0 52.0 1.0 0.0 0.0 0.0 0.0 0.0 8.0 157.0 4.0 0.0 0.0 12.0 18.0 12.0 128.0 29.0 2.0 3.0 6.0 151.0 84.0 17.0 38.0 4.0 25.0 12.0 5.0 18.0 3.0 2.0 6.0 59.0 7.0 0.0 0.0 0.0 0.0 0.0 1.0 157.0 70.0 0.0 0.0 23.0 6.0 1.0 14.0 66.0 16.0 1.0 4.0 157.0 61.0 1.0 5.0 16.0 18.0 4.0 4.0 45.0 11.0 1.0 4.0 25.0 6.0 0.0 0.0 0.0 0.0 0.0 0.0 157.0 73.0 0.0 0.0 4.0 4.0 1.0 1.0 105.0 19.0 0.0 0.0 150.0 106.0 3.0 2.0 8.0 0.0 0.0 0.0 44.0 44.0 6.0 17.0
26.0 0.0 0.0 0.0 0.0 0.0 0.0 4.0 184.0 0.0 0.0 0.0 0.0 0.0 0.0 59.0 158.0 7.0 0.0 0.0 0.0 0.0 0.0 44.0 29.0 11.0 0.0 0.0 0.0 0.0 0.0 23.0 50.0 0.0 0.0 0.0 0.0 0.0 0.0 3.0 184.0 4.0 0.0 0.0 0.0 0.0 0.0 43.0 175.0 13.0 0.0 0.0 0.0 0.0 0.0 37.0 42.0 17.0 1.0 0.0 0.0 0.0 1.0 17.0 52.0 2.0 0.0 0.0 0.0 0.0 0.0 0.0 184.0 25.0 0.0 0.0 0.0 0.0 0.0 6.0 156.0 33.0 1.0 0.0 0.0 0.0 0.0 21.0 38.0 34.0 2.0 0.0 0.0 0.0 1.0 11.0 30.0 4.0 0.0 0.0 0.0 0.0 0.0 0.0 184.0 55.0 0.0 0.0 0.0 0.0 0.0 3.0 130.0 35.0 2.0 0.0 0.0 0.0 1.0 22.0 13.0 13.0 6.0 1.0 0.0 0.0 2.0 8.0
36.0 6.0 4.0 2.0 2.0 4.0 3.0 1.0 155.0 12.0 0.0 0.0 33.0 13.0 2.0 8.0 16.0 0.0 0.0 0.0 155.0 56.0 1.0 4.0 0.0 0.0 0.0 0.0 38.0 6.0 0.0 0.0 52.0 13.0 20.0 4.0 0.0 0.0 0.0 0.0 155.0 9.0 1.0 5.0 39.0 8.0 1.0 18.0 31.0 1.0 0.0 20.0 155.0 39.0 1.0 6.0 0.0 0.0 0.0 2.0 68.0 5.0 0.0 0.0 75.0 7.0 8.0 5.0 1.0 0.0 0.0 17.0 155.0 14.0 4.0 45.0 34.0 0.0 0.0 36.0 18.0 5.0 2.0 153.0 155.0 1.0 0.0 0.0 0.0 0.0 0.0 13.0 42.0 0.0 0.0 0.0 73.0 0.0 0.0 1.0 1.0 2.0 7.0 58.0 105.0 1.0 1.0 41.0 84.0 1.0 1.0 65.0 1.0 0.0 0.0 91.0 139.0 0.0 0.0 0.0 0.0 0.0 0.0 5.0 8.0 0.0 0.0 0.0
0.0 0.0 0.0 0.0 0.0 0.0 0.0 0.0 126.0 0.0 0.0 0.0 0.0 0.0 0.0 18.0 174.0 1.0 0.0 1.0 16.0 1.0 0.0 60.0 17.0 1.0 0.0 2.0 46.0 3.0 1.0 5.0 1.0 0.0 0.0 0.0 0.0 0.0 0.0 0.0 174.0 16.0 0.0 0.0 0.0 0.0 0.0 6.0 174.0 56.0 0.0 3.0 20.0 1.0 0.0 21.0 16.0 5.0 0.0 4.0 54.0 5.0 0.0 2.0 1.0 0.0 0.0 0.0 0.0 0.0 0.0 0.0 174.0 3.0 0.0 0.0 0.0 0.0 0.0 24.0 174.0 13.0 0.0 1.0 19.0 6.0 2.0 86.0 17.0 2.0 0.0 5.0 50.0 6.0 1.0 6.0 1.0 0.0 0.0 0.0 0.0 0.0 0.0 0.0 174.0 2.0 0.0 0.0 0.0 0.0 0.0 11.0 174.0 4.0 0.0 0.0 32.0 7.0 1.0 38.0 13.0 1.0 0.0 1.0 67.0 10.0 1.0 3.0
0.0 0.0 0.0 0.0 0.0 0.0 0.0 0.0 9.0 0.0 0.0 0.0 0.0 0.0 0.0 17.0 29.0 0.0 0.0 0.0 0.0 0.0 12.0 152.0 7.0 0.0 0.0 0.0 0.0 0.0 50.0 152.0 0.0 0.0 0.0 0.0 0.0 0.0 0.0 0.0 86.0 0.0 0.0 0.0 0.0 0.0 0.0 24.0 152.0 8.0 0.0 0.0 0.0 0.0 1.0 152.0 91.0 19.0 0.0 0.0 0.0 0.0 4.0 97.0 0.0 0.0 0.0 0.0 0.0 0.0 0.0 0.0 111.0 13.0 0.0 0.0 0.0 0.0 0.0 2.0 152.0 90.0 0.0 0.0 0.0 0.0 0.0 5.0 139.0 46.0 0.0 0.0 0.0 0.0 0.0 5.0 0.0 0.0 0.0 0.0 0.0 0.0 0.0 0.0 23.0 23.0 0.0 0.0 0.0 0.0 0.0 0.0 150.0 152.0 0.0 0.0 0.0 0.0 0.0 0.0 152.0 69.0 0.0 0.0 0.0 0.0 0.0 4.0
1.0 0.0 0.0 0.0 0.0 0.0 0.0 0.0 40.0 1.0 0.0 0.0 0.0 0.0 0.0 55.0 106.0 1.0 0.0 0.0 0.0 0.0 1.0 171.0 79.0 5.0 0.0 0.0 0.0 0.0 2.0 111.0 1.0 0.0 0.0 0.0 0.0 0.0 0.0 0.0 169.0 23.0 0.0 0.0 0.0 0.0 0.0 19.0 171.0 41.0 0.0 0.0 0.0 0.0 2.0 100.0 36.0 4.0 0.0 0.0 0.0 0.0 3.0 40.0 1.0 0.0 0.0 0.0 0.0 0.0 0.0 0.0 171.0 4.0 0.0 0.0 0.0 0.0 0.0 14.0 171.0 9.0 0.0 0.0 0.0 0.0 0.0 50.0 39.0 1.0 2.0 3.0 1.0 0.0 0.0 10.0 1.0 0.0 0.0 0.0 0.0 0.0 0.0 0.0 171.0 0.0 0.0 0.0 0.0 0.0 0.0 16.0 171.0 0.0 0.0 0.0 0.0 1.0 1.0 46.0 18.0 0.0 1.0 5.0 8.0 5.0 1.0 6.0
19.0 0.0 0.0 0.0 0.0 0.0 0.0 5.0 173.0 0.0 0.0 0.0 0.0 0.0 0.0 100.0 172.0 6.0 3.0 10.0 1.0 0.0 0.0 72.0 5.0 1.0 1.0 19.0 6.0 0.0 0.0 9.0 47.0 0.0 0.0 0.0 0.0 0.0 0.0 5.0 173.0 3.0 0.0 0.0 0.0 0.0 0.0 55.0 173.0 9.0 4.0 3.0 0.0 0.0 0.0 18.0 22.0 1.0 1.0 3.0 1.0 0.0 0.0 18.0 54.0 2.0 0.0 0.0 0.0 0.0 0.0 1.0 173.0 21.0 0.0 0.0 0.0 0.0 0.0 5.0 164.0 23.0 2.0 0.0 0.0 0.0 0.0 3.0 44.0 2.0 0.0 0.0 0.0 0.0 0.0 17.0 40.0 1.0 0.0 0.0 0.0 0.0 0.0 0.0 173.0 18.0 0.0 0.0 0.0 0.0 0.0 2.0 153.0 13.0 0.0 0.0 0.0 0.0 0.0 3.0 41.0 5.0 0.0 0.0 0.0 0.0 0.0 5.0
2.0 0.0 0.0 3.0 22.0 4.0 1.0 2.0 8.0 0.0 0.0 1.0 39.0 89.0 25.0 18.0 0.0 0.0 0.0 0.0 31.0 123.0 8.0 1.0 0.0 0.0 0.0 0.0 2.0 5.0 0.0 0.0 20.0 0.0 0.0 2.0 22.0 17.0 0.0 6.0 156.0 4.0 0.0 1.0 19.0 78.0 47.0 90.0 15.0 1.0 0.0 4.0 156.0 156.0 30.0 15.0 0.0 0.0 0.0 0.0 40.0 22.0 0.0 0.0 28.0 1.0 0.0 2.0 49.0 26.0 0.0 2.0 156.0 38.0 4.0 21.0 42.0 8.0 3.0 15.0 35.0 13.0 4.0 100.0 156.0 37.0 2.0 3.0 0.0 0.0 0.0 11.0 76.0 4.0 0.0 0.0 27.0 2.0 1.0 20.0 50.0 2.0 0.0 3.0 156.0 8.0 1.0 24.0 49.0 0.0 0.0 13.0 15.0 3.0 1.0 91.0 156.0 0.0 0.0 0.0 0.0 0.0 0.0 9.0 34.0 0.0 0.0 0.0
0.0 0.0 0.0 0.0 0.0 0.0 0.0 0.0 0.0 0.0 0.0 0.0 0.0 0.0 0.0 0.0 0.0 0.0 0.0 0.0 0.0 0.0 0.0 0.0 0.0 0.0 0.0 0.0 0.0 0.0 0.0 0.0 0.0 0.0 0.0 0.0 0.0 0.0 0.0 0.0 0.0 0.0 0.0 0.0 0.0 0.0 0.0 0.0 0.0 0.0 0.0 0.0 0.0 0.0 0.0 0.0 0.0 0.0 0.0 0.0 0.0 0.0 0.0 0.0 0.0 0.0 0.0 0.0 0.0 0.0 0.0 0.0 0.0 0.0 0.0 0.0 0.0 0.0 0.0 0.0 0.0 0.0 0.0 0.0 0.0 0.0 0.0 0.0 0.0 0.0 0.0 0.0 0.0 0.0 0.0 0.0 0.0 0.0 0.0 0.0 0.0 0.0 0.0 0.0 0.0 0.0 0.0 0.0 0.0 0.0 0.0 0.0 0.0 0.0 0.0 0.0 0.0 0.0 0.0 0.0 0.0 0.0 0.0 0.0 0.0 0.0 0.0 0.0
13.0 0.0 0.0 0.0 0.0 0.0 0.0 2.0 155.0 0.0 0.0 0.0 0.0 0.0 0.0 58.0 155.0 0.0 0.0 0.0 0.0 0.0 0.0 56.0 99.0 6.0 0.0 0.0 0.0 0.0 2.0 33.0 31.0 1.0 0.0 0.0 0.0 0.0 0.0 4.0 155.0 6.0 0.0 0.0 0.0 0.0 0.0 66.0 155.0 5.0 0.0 0.0 0.0 0.0 0.0 42.0 128.0 23.0 1.0 0.0 0.0 0.0 0.0 1.0 29.0 6.0 0.0 0.0 0.0 0.0 0.0 0.0 155.0 67.0 0.0 0.0 0.0 0.0 0.0 4.0 155.0 46.0 0.0 0.0 0.0 0.0 0.0 2.0 104.0 24.0 1.0 0.0 0.0 0.0 0.0 0.0 13.0 3.0 0.0 0.0 0.0 0.0 0.0 0.0 155.0 38.0 0.0 0.0 0.0 0.0 0.0 0.0 155.0 29.0 0.0 0.0 0.0 0.0 0.0 1.0 71.0 26.0 0.0 0.0 0.0 0.0 0.0 0.0
3.0 0.0 0.0 0.0 0.0 0.0 0.0 3.0 79.0 0.0 0.0 0.0 0.0 0.0 0.0 130.0 121.0 0.0 0.0 0.0 1.0 3.0 11.0 148.0 34.0 5.0 2.0 1.0 3.0 6.0 14.0 61.0 25.0 1.0 0.0 0.0 0.0 0.0 0.0 6.0 148.0 9.0 0.0 0.0 0.0 0.0 0.0 121.0 148.0 42.0 18.0 4.0 3.0 2.0 1.0 85.0 21.0 18.0 19.0 10.0 7.0 4.0 2.0 14.0 25.0 6.0 0.0 0.0 0.0 0.0 0.0 0.0 148.0 90.0 0.0 0.0 0.0 0.0 0.0 6.0 148.0 58.0 7.0 0.0 0.0 0.0 0.0 25.0 38.0 8.0 13.0 13.0 2.0 3.0 3.0 31.0 4.0 3.0 0.0 0.0 0.0 0.0 0.0 0.0 87.0 148.0 1.0 0.0 0.0 0.0 0.0 0.0 77.0 148.0 32.0 0.0 0.0 0.0 0.0 9.0 13.0 71.0 55.0 3.0 2.0 7.0 11.0 13.0
123.0 0.0 0.0 0.0 0.0 0.0 0.0 123.0 111.0 0.0 0.0 0.0 0.0 0.0 3.0 123.0 12.0 1.0 1.0 2.0 2.0 4.0 53.0 67.0 47.0 9.0 1.0 1.0 1.0 2.0 34.0 98.0 123.0 1.0 0.0 0.0 0.0 0.0 4.0 123.0 123.0 8.0 1.0 3.0 6.0 2.0 4.0 118.0 19.0 15.0 11.0 55.0 58.0 6.0 12.0 37.0 65.0 118.0 30.0 15.0 4.0 1.0 1.0 10.0 123.0 44.0 0.0 0.0 0.0 1.0 5.0 33.0 123.0 73.0 18.0 19.0 5.0 0.0 1.0 7.0 23.0 19.0 20.0 102.0 58.0 0.0 0.0 4.0 64.0 35.0 9.0 8.0 5.0 0.0 0.0 10.0 87.0 123.0 0.0 0.0 0.0 0.0 0.0 0.0 38.0 89.0 10.0 6.0 0.0 0.0 0.0 0.0 14.0 16.0 9.0 23.0 4.0 0.0 0.0 1.0 32.0 35.0 5.0 1.0 0.0 0.0 0.0 2.0
10.0 110.0 33.0 0.0 0.0 0.0 0.0 0.0 28.0 137.0 35.0 0.0 0.0 0.0 0.0 1.0 60.0 137.0 4.0 0.0 0.0 0.0 0.0 0.0 8.0 7.0 0.0 0.0 0.0 0.0 0.0 0.0 77.0 125.0 3.0 0.0 0.0 0.0 0.0 1.0 126.0 76.0 0.0 0.0 0.0 0.0 0.0 4.0 137.0 81.0 0.0 0.0 0.0 0.0 0.0 7.0 38.0 8.0 0.0 0.0 0.0 0.0 0.0 1.0 137.0 74.0 0.0 0.0 0.0 0.0 0.0 3.0 137.0 45.0 0.0 0.0 0.0 0.0 0.0 38.0 137.0 4.0 0.0 0.0 0.0 0.0 0.0 97.0 32.0 1.0 0.0 0.0 0.0 0.0 0.0 9.0 91.0 28.0 0.0 0.0 0.0 0.0 6.0 20.0 137.0 17.0 0.0 0.0 0.0 0.0 0.0 79.0 137.0 0.0 0.0 0.0 0.0 0.0 0.0 83.0 7.0 0.0 0.0 0.0 0.0 0.0 0.0 5.0
14.0 141.0 18.0 0.0 0.0 0.0 0.0 3.0 7.0 141.0 21.0 0.0 0.0 0.0 0.0 0.0 13.0 115.0 3.0 0.0 0.0 0.0 0.0 0.0 1.0 6.0 0.0 0.0 0.0 0.0 0.0 0.0 40.0 107.0 7.0 0.0 0.0 0.0 0.0 4.0 71.0 141.0 4.0 1.0 0.0 0.0 0.0 4.0 141.0 141.0 1.0 0.0 0.0 0.0 0.0 4.0 19.0 24.0 1.0 0.0 0.0 0.0 0.0 2.0 92.0 127.0 1.0 0.0 0.0 0.0 0.0 2.0 141.0 69.0 3.0 1.0 0.0 0.0 0.0 17.0 141.0 16.0 0.0 0.0 0.0 0.0 0.0 64.0 29.0 3.0 0.0 0.0 0.0 0.0 0.0 20.0 64.0 43.0 0.0 0.0 0.0 0.0 5.0 15.0 141.0 42.0 0.0 0.0 0.0 0.0 0.0 48.0 141.0 1.0 0.0 0.0 0.0 0.0 0.0 65.0 14.0 0.0 0.0 0.0 0.0 0.0 0.0 6.0
14.0 0.0 0.0 0.0 0.0 0.0 0.0 12.0 60.0 0.0 0.0 0.0 1.0 7.0 11.0 107.0 28.0 3.0 6.0 3.0 22.0 35.0 14.0 31.0 149.0 1.0 3.0 1.0 2.0 1.0 0.0 58.0 59.0 1.0 0.0 0.0 0.0 0.0 0.0 9.0 151.0 4.0 0.0 0.0 6.0 23.0 13.0 89.0 41.0 0.0 0.0 0.0 66.0 146.0 20.0 34.0 151.0 8.0 0.0 0.0 3.0 13.0 5.0 45.0 65.0 4.0 0.0 0.0 0.0 0.0 0.0 0.0 151.0 18.0 0.0 0.0 5.0 10.0 1.0 10.0 71.0 1.0 0.0 0.0 91.0 111.0 9.0 17.0 144.0 6.0 0.0 0.0 9.0 19.0 7.0 46.0 49.0 1.0 0.0 0.0 0.0 0.0 0.0 0.0 151.0 5.0 0.0 0.0 3.0 3.0 0.0 5.0 76.0 1.0 0.0 0.0 77.0 46.0 2.0 12.0 86.0 0.0 0.0 0.0 11.0 10.0 2.0 63.0
37.0 9.0 0.0 0.0 0.0 0.0 0.0 1.0 48.0 29.0 7.0 0.0 0.0 1.0 19.0 22.0 51.0 50.0 19.0 0.0 0.0 2.0 30.0 28.0 110.0 8.0 2.0 0.0 0.0 0.0 0.0 66.0 54.0 6.0 0.0 0.0 0.0 0.0 0.0 2.0 140.0 6.0 0.0 0.0 0.0 3.0 47.0 83.0 39.0 1.0 0.0 0.0 0.0 13.0 140.0 110.0 77.0 0.0 0.0 0.0 0.0 0.0 12.0 140.0 47.0 7.0 0.0 0.0 0.0 0.0 0.0 0.0 140.0 43.0 0.0 0.0 0.0 0.0 5.0 17.0 111.0 11.0 0.0 0.0 0.0 5.0 42.0 89.0 32.0 0.0 0.0 0.0 0.0 0.0 6.0 140.0 34.0 1.0 0.0 0.0 0.0 0.0 0.0 3.0 140.0 8.0 0.0 0.0 0.0 0.0 0.0 47.0 137.0 2.0 0.0 0.0 0.0 0.0 0.0 136.0 24.0 0.0 0.0 0.0 0.0 0.0 1.0 120.0
104.0 0.0 0.0 0.0 0.0 0.0 0.0 88.0 62.0 1.0 0.0 0.0 0.0 0.0 5.0 113.0 111.0 2.0 0.0 0.0 0.0 0.0 1.0 128.0 97.0 16.0 0.0 0.0 0.0 0.0 2.0 46.0 128.0 7.0 0.0 0.0 0.0 0.0 0.0 34.0 128.0 13.0 0.0 0.0 0.0 0.0 3.0 33.0 128.0 29.0 0.0 0.0 0.0 0.0 1.0 52.0 48.0 20.0 9.0 4.0 0.0 0.0 5.0 42.0 128.0 67.0 0.0 0.0 0.0 0.0 0.0 2.0 128.0 27.0 0.0 0.0 0.0 0.0 1.0 37.0 128.0 35.0 4.0 0.0 0.0 0.0 0.0 38.0 21.0 32.0 61.0 11.0 1.0 0.0 1.0 3.0 97.0 96.0 0.0 0.0 0.0 0.0 0.0 0.0 128.0 98.0 0.0 0.0 0.0 0.0 0.0 8.0 128.0 26.0 1.0 0.0 0.0 1.0 1.0 21.0 6.0 3.0 9.0 6.0 11.0 11.0 2.0 3.0
110.0 0.0 0.0 0.0 0.0 0.0 0.0 29.0 130.0 28.0 9.0 0.0 0.0 0.0 0.0 23.0 109.0 24.0 6.0 0.0 0.0 0.0 0.0 53.0 65.0 0.0 0.0 0.0 0.0 1.0 3.0 82.0 135.0 2.0 0.0 0.0 0.0 0.0 0.0 12.0 135.0 13.0 5.0 3.0 6.0 8.0 2.0 13.0 135.0 12.0 1.0 0.0 1.0 1.0 0.0 42.0 94.0 2.0 0.0 0.0 0.0 2.0 4.0 47.0 135.0 40.0 0.0 0.0 0.0 0.0 0.0 2.0 135.0 39.0 0.0 0.0 2.0 16.0 12.0 19.0 135.0 35.0 0.0 0.0 0.0 3.0 5.0 26.0 106.0 34.0 0.0 0.0 0.0 2.0 3.0 14.0 58.0 41.0 0.0 0.0 0.0 0.0 0.0 0.0 135.0 85.0 0.0 0.0 0.0 0.0 2.0 6.0 76.0 92.0 0.0 0.0 0.0 0.0 3.0 8.0 23.0 135.0 8.0 0.0 0.0 0.0 0.0 1.0
0.0 0.0 0.0 0.0 0.0 0.0 0.0 2.0 0.0 0.0 0.0 0.0 0.0 3.0 24.0 14.0 0.0 0.0 0.0 0.0 0.0 14.0 19.0 1.0 0.0 0.0 0.0 0.0 0.0 1.0 0.0 0.0 28.0 1.0 0.0 0.0 0.0 0.0 0.0 15.0 134.0 4.0 0.0 0.0 7.0 42.0 107.0 154.0 9.0 1.0 0.0 0.0 96.0 165.0 88.0 20.0 0.0 0.0 0.0 0.0 19.0 15.0 0.0 0.0 62.0 2.0 0.0 0.0 0.0 0.0 0.0 7.0 165.0 23.0 0.0 2.0 36.0 14.0 8.0 51.0 48.0 6.0 0.0 5.0 165.0 76.0 7.0 8.0 0.0 0.0 0.0 0.0 75.0 8.0 0.0 0.0 62.0 0.0 0.0 0.0 0.0 0.0 0.0 43.0 165.0 1.0 1.0 2.0 31.0 1.0 0.0 125.0 21.0 0.0 0.0 4.0 165.0 22.0 0.0 8.0 0.0 0.0 0.0 0.0 67.0 10.0 3.0 0.0
0.0 0.0 0.0 0.0 0.0 0.0 0.0 0.0 73.0 0.0 0.0 0.0 0.0 0.0 0.0 19.0 169.0 1.0 0.0 0.0 0.0 0.0 0.0 76.0 131.0 22.0 2.0 0.0 0.0 0.0 3.0 40.0 0.0 0.0 0.0 0.0 0.0 0.0 0.0 0.0 138.0 8.0 0.0 0.0 0.0 0.0 0.0 9.0 169.0 24.0 0.0 0.0 0.0 0.0 0.0 35.0 149.0 31.0 5.0 0.0 0.0 0.0 4.0 57.0 0.0 0.0 0.0 0.0 0.0 0.0 0.0 0.0 145.0 3.0 0.0 0.0 0.0 0.0 0.0 8.0 169.0 14.0 0.0 0.0 0.0 0.0 0.0 34.0 109.0 54.0 10.0 0.0 0.0 0.0 9.0 55.0 0.0 0.0 0.0 0.0 0.0 0.0 0.0 0.0 104.0 13.0 0.0 0.0 0.0 0.0 0.0 1.0 169.0 54.0 0.0 0.0 0.0 0.0 0.0 9.0 105.0 47.0 8.0 0.0 0.0 0.0 8.0 46.0
74.0 4.0 0.0 0.0 0.0 0.0 0.0 0.0 180.0 25.0 0.0 0.0 9.0 1.0 0.0 2.0 70.0 5.0 0.0 2.0 70.0 10.0 0.0 5.0 131.0 1.0 0.0 0.0 3.0 1.0 0.0 17.0 85.0 3.0 0.0 0.0 0.0 0.0 0.0 0.0 180.0 14.0 0.0 1.0 7.0 1.0 0.0 4.0 97.0 7.0 1.0 9.0 79.0 7.0 0.0 4.0 147.0 31.0 0.0 1.0 4.0 1.0 0.0 4.0 81.0 2.0 0.0 0.0 0.0 0.0 0.0 0.0 180.0 26.0 0.0 3.0 5.0 0.0 0.0 0.0 83.0 18.0 1.0 26.0 71.0 1.0 0.0 0.0 114.0 47.0 1.0 2.0 5.0 0.0 0.0 0.0 51.0 5.0 0.0 0.0 0.0 0.0 0.0 0.0 180.0 36.0 0.0 0.0 3.0 1.0 0.0 1.0 70.0 8.0 0.0 2.0 41.0 18.0 2.0 5.0 83.0 9.0 0.0 0.0 3.0 3.0 1.0 7.0
1.0 0.0 0.0 0.0 88.0 31.0 2.0 6.0 1.0 0.0 0.0 0.0 1.0 8.0 53.0 35.0 0.0 0.0 0.0 0.0 2.0 39.0 38.0 2.0 0.0 0.0 0.0 0.0 1.0 5.0 0.0 0.0 36.0 1.0 0.0 0.0 127.0 45.0 1.0 23.0 127.0 8.0 0.0 2.0 12.0 40.0 98.0 127.0 6.0 2.0 0.0 7.0 127.0 127.0 75.0 18.0 0.0 0.0 0.0 0.0 37.0 19.0 0.0 0.0 51.0 7.0 0.0 0.0 127.0 84.0 0.0 3.0 127.0 117.0 25.0 38.0 24.0 13.0 4.0 23.0 11.0 21.0 20.0 127.0 127.0 30.0 4.0 4.0 0.0 0.0 0.0 13.0 56.0 3.0 0.0 0.0 11.0 5.0 0.0 0.0 127.0 82.0 0.0 1.0 45.0 65.0 24.0 31.0 23.0 13.0 0.0 1.0 1.0 9.0 16.0 105.0 61.0 0.0 0.0 0.0 0.0 0.0 0.0 8.0 13.0 0.0 0.0 0.0
0.0 0.0 0.0 0.0 0.0 0.0 0.0 2.0 0.0 0.0 0.0 0.0 0.0 2.0 22.0 12.0 0.0 0.0 0.0 0.0 0.0 12.0 20.0 1.0 0.0 0.0 0.0 0.0 0.0 1.0 0.0 0.0 26.0 1.0 0.0 0.0 0.0 2.0 1.0 15.0 118.0 5.0 0.0 0.0 0.0 29.0 118.0 138.0 10.0 1.0 0.0 0.0 18.0 138.0 131.0 24.0 0.0 0.0 0.0 0.0 6.0 61.0 39.0 8.0 38.0 2.0 0.0 0.0 5.0 32.0 38.0 43.0 138.0 28.0 3.0 1.0 2.0 13.0 26.0 122.0 66.0 9.0 14.0 9.0 69.0 138.0 36.0 15.0 1.0 2.0 3.0 1.0 20.0 138.0 138.0 76.0 3.0 3.0 4.0 2.0 5.0 35.0 97.0 79.0 52.0 10.0 46.0 12.0 0.0 0.0 28.0 111.0 14.0 9.0 108.0 23.0 8.0 13.0 5.0 4.0 2.0 19.0 74.0 3.0 6.0 20.0 22.0 19.0
29.0 0.0 0.0 0.0 0.0 0.0 0.0 5.0 141.0 3.0 0.0 0.0 0.0 0.0 0.0 43.0 124.0 11.0 10.0 3.0 8.0 5.0 3.0 21.0 0.0 1.0 6.0 4.0 12.0 10.0 11.0 0.0 54.0 0.0 0.0 0.0 0.0 0.0 0.0 5.0 141.0 18.0 6.0 3.0 0.0 0.0 0.0 26.0 74.0 36.0 120.0 52.0 1.0 0.0 0.0 2.0 2.0 23.0 141.0 26.0 3.0 1.0 0.0 0.0 63.0 1.0 0.0 0.0 0.0 0.0 0.0 1.0 141.0 32.0 20.0 16.0 2.0 3.0 8.0 12.0 13.0 12.0 82.0 128.0 9.0 15.0 79.0 7.0 22.0 14.0 117.0 35.0 1.0 5.0 93.0 38.0 51.0 0.0 0.0 0.0 0.0 0.0 0.0 3.0 141.0 1.0 0.0 1.0 1.0 3.0 23.0 67.0 22.0 0.0 0.0 4.0 4.0 12.0 141.0 61.0 3.0 0.0 0.0 1.0 4.0 29.0 141.0 23.0
42.0 5.0 1.0 3.0 1.0 1.0 0.0 2.0 162.0 27.0 0.0 2.0 24.0 5.0 0.0 17.0 22.0 5.0 0.0 3.0 162.0 27.0 0.0 5.0 0.0 0.0 0.0 0.0 47.0 4.0 0.0 0.0 63.0 1.0 0.0 1.0 3.0 1.0 0.0 4.0 162.0 8.0 1.0 2.0 25.0 12.0 2.0 56.0 32.0 2.0 1.0 13.0 162.0 55.0 1.0 18.0 0.0 0.0 0.0 1.0 74.0 4.0 0.0 0.0 60.0 4.0 0.0 1.0 2.0 2.0 0.0 1.0 162.0 53.0 7.0 19.0 26.0 1.0 0.0 5.0 28.0 13.0 7.0 92.0 162.0 4.0 0.0 2.0 0.0 0.0 0.0 9.0 61.0 0.0 0.0 0.0 40.0 0.0 0.0 0.0 2.0 4.0 1.0 7.0 162.0 7.0 0.0 6.0 33.0 1.0 0.0 25.0 19.0 2.0 0.0 27.0 162.0 1.0 0.0 3.0 0.0 0.0 0.0 3.0 36.0 0.0 0.0 0.0
44.0 0.0 0.0 0.0 0.0 0.0 0.0 4.0 172.0 5.0 0.0 3.0 4.0 0.0 0.0 25.0 74.0 4.0 1.0 33.0 78.0 3.0 1.0 6.0 143.0 1.0 1.0 5.0 10.0 1.0 1.0 31.0 64.0 0.0 0.0 0.0 0.0 0.0 0.0 2.0 172.0 4.0 0.0 1.0 5.0 2.0 0.0 16.0 81.0 2.0 0.0 3.0 76.0 28.0 3.0 11.0 172.0 13.0 0.0 0.0 6.0 5.0 2.0 20.0 71.0 0.0 0.0 0.0 0.0 0.0 0.0 6.0 172.0 0.0 0.0 0.0 5.0 2.0 0.0 37.0 71.0 2.0 0.0 1.0 79.0 11.0 0.0 8.0 136.0 28.0 0.0 1.0 9.0 1.0 0.0 1.0 71.0 0.0 0.0 0.0 0.0 0.0 0.0 6.0 172.0 0.0 0.0 0.0 7.0 2.0 0.0 38.0 40.0 2.0 0.0 4.0 84.0 7.0 1.0 8.0 70.0 34.0 1.0 3.0 11.0 0.0 0.0 0.0
1.0 0.0 0.0 0.0 0.0 0.0 0.0 4.0 11.0 26.0 0.0 0.0 0.0 1.0 27.0 28.0 91.0 126.0 0.0 0.0 0.0 7.0 26.0 7.0 51.0 126.0 7.0 9.0 5.0 0.0 0.0 2.0 31.0 2.0 0.0 0.0 0.0 0.0 0.0 21.0 121.0 25.0 3.0 3.0 4.0 20.0 102.0 126.0 25.0 56.0 6.0 20.0 94.0 126.0 119.0 34.0 27.0 126.0 8.0 7.0 25.0 11.0 0.0 0.0 31.0 20.0 0.0 0.0 0.0 0.0 0.0 2.0 126.0 126.0 88.0 16.0 4.0 5.0 6.0 26.0 10.0 44.0 122.0 126.0 121.0 32.0 7.0 6.0 10.0 110.0 6.0 36.0 34.0 2.0 0.0 0.0 0.0 4.0 0.0 0.0 0.0 0.0 0.0 0.0 1.0 34.0 35.0 2.0 0.0 0.0 0.0 0.0 0.0 6.0 49.0 32.0 1.0 0.0 0.0 0.0 1.0 12.0 2.0 8.0 1.0 0.0 0.0 0.0
22.0 1.0 0.0 0.0 0.0 0.0 0.0 1.0 161.0 18.0 0.0 1.0 0.0 0.0 0.0 5.0 111.0 20.0 2.0 20.0 13.0 0.0 0.0 1.0 114.0 40.0 1.0 3.0 1.0 0.0 0.0 0.0 33.0 0.0 0.0 0.0 0.0 0.0 0.0 2.0 161.0 4.0 0.0 0.0 1.0 0.0 0.0 23.0 127.0 8.0 1.0 11.0 32.0 6.0 0.0 8.0 160.0 22.0 1.0 2.0 3.0 1.0 0.0 2.0 31.0 3.0 0.0 0.0 0.0 0.0 0.0 0.0 161.0 31.0 0.0 0.0 1.0 0.0 0.0 3.0 132.0 10.0 0.0 0.0 34.0 10.0 0.0 4.0 161.0 2.0 0.0 0.0 4.0 2.0 0.0 16.0 20.0 1.0 0.0 0.0 0.0 0.0 0.0 0.0 161.0 15.0 0.0 0.0 0.0 0.0 0.0 0.0 120.0 10.0 0.0 8.0 23.0 2.0 0.0 0.0 146.0 7.0 0.0 2.0 4.0 0.0 0.0 4.0
14.0 0.0 0.0 0.0 0.0 0.0 0.0 6.0 137.0 0.0 0.0 0.0 0.0 0.0 0.0 137.0 65.0 0.0 0.0 1.0 42.0 11.0 9.0 109.0 45.0 0.0 0.0 0.0 16.0 4.0 2.0 50.0 46.0 1.0 0.0 0.0 0.0 0.0 0.0 8.0 137.0 21.0 1.0 1.0 3.0 0.0 1.0 85.0 92.0 9.0 2.0 6.0 89.0 8.0 2.0 41.0 83.0 0.0 0.0 0.0 12.0 2.0 1.0 86.0 32.0 12.0 0.0 0.0 0.0 0.0 0.0 0.0 137.0 137.0 5.0 1.0 1.0 0.0 0.0 3.0 82.0 128.0 22.0 15.0 26.0 1.0 0.0 11.0 130.0 5.0 0.0 1.0 3.0 0.0 0.0 44.0 3.0 4.0 0.0 0.0 0.0 0.0 0.0 0.0 92.0 94.0 0.0 0.0 0.0 0.0 0.0 0.0 137.0 100.0 2.0 0.0 0.0 0.0 0.0 1.0 108.0 33.0 0.0 0.0 0.0 0.0 0.0 5.0
25.0 0.0 0.0 0.0 0.0 0.0 0.0 3.0 174.0 0.0 0.0 0.0 0.0 0.0 0.0 47.0 166.0 5.0 2.0 0.0 0.0 0.0 0.0 23.0 17.0 14.0 1.0 0.0 0.0 0.0 0.0 2.0 46.0 0.0 0.0 0.0 0.0 0.0 0.0 5.0 174.0 5.0 0.0 0.0 0.0 0.0 0.0 63.0 163.0 3.0 0.0 0.0 0.0 0.0 0.0 29.0 19.0 2.0 0.0 0.0 0.0 0.0 1.0 18.0 45.0 6.0 0.0 0.0 0.0 0.0 0.0 1.0 174.0 73.0 0.0 0.0 0.0 0.0 0.0 6.0 161.0 34.0 0.0 0.0 0.0 0.0 0.0 3.0 17.0 21.0 6.0 0.0 0.0 0.0 1.0 4.0 17.0 5.0 0.0 0.0 0.0 0.0 0.0 0.0 174.0 97.0 0.0 0.0 0.0 0.0 0.0 0.0 160.0 65.0 0.0 0.0 2.0 1.0 0.0 1.0 1.0 9.0 9.0 1.0 5.0 1.0 0.0 0.0
8.0 0.0 0.0 0.0 0.0 0.0 1.0 28.0 17.0 0.0 0.0 0.0 0.0 0.0 29.0 103.0 127.0 1.0 0.0 0.0 0.0 0.0 32.0 127.0 57.0 4.0 0.0 0.0 0.0 12.0 100.0 85.0 72.0 3.0 0.0 0.0 0.0 0.0 0.0 33.0 127.0 7.0 0.0 0.0 0.0 0.0 61.0 127.0 120.0 6.0 0.0 0.0 0.0 3.0 109.0 127.0 90.0 19.0 1.0 0.0 0.0 3.0 6.0 23.0 80.0 5.0 0.0 0.0 0.0 0.0 0.0 51.0 127.0 48.0 0.0 0.0 0.0 0.0 6.0 91.0 81.0 49.0 4.0 1.0 0.0 6.0 32.0 27.0 65.0 8.0 0.0 0.0 0.0 0.0 2.0 18.0 96.0 17.0 0.0 0.0 0.0 0.0 0.0 53.0 122.0 49.0 2.0 0.0 0.0 0.0 0.0 104.0 56.0 50.0 2.0 0.0 0.0 0.0 0.0 9.0 60.0 18.0 0.0 0.0 0.0 0.0 0.0 2.0
41.0 1.0 0.0 0.0 0.0 0.0 0.0 1.0 149.0 3.0 0.0 0.0 0.0 0.0 0.0 13.0 149.0 1.0 0.0 0.0 0.0 0.0 0.0 36.0 75.0 2.0 0.0 0.0 0.0 0.0 8.0 74.0 56.0 1.0 0.0 0.0 0.0 0.0 0.0 2.0 149.0 2.0 0.0 0.0 0.0 0.0 0.0 29.0 149.0 19.0 0.0 0.0 0.0 0.0 0.0 17.0 149.0 48.0 0.0 0.0 0.0 0.0 2.0 11.0 52.0 6.0 0.0 0.0 0.0 0.0 0.0 0.0 149.0 38.0 0.0 0.0 0.0 0.0 0.0 4.0 149.0 21.0 0.0 0.0 0.0 0.0 0.0 12.0 144.0 53.0 0.0 0.0 0.0 0.0 0.0 11.0 24.0 6.0 0.0 0.0 0.0 0.0 0.0 0.0 149.0 55.0 0.0 0.0 0.0 0.0 0.0 0.0 149.0 22.0 0.0 0.0 0.0 0.0 0.0 21.0 73.0 5.0 0.0 0.0 0.0 0.0 1.0 45.0
2.0 1.0 0.0 0.0 0.0 0.0 0.0 0.0 156.0 21.0 0.0 0.0 0.0 0.0 0.0 2.0 163.0 21.0 0.0 0.0 4.0 8.0 3.0 25.0 4.0 0.0 0.0 1.0 11.0 15.0 3.0 4.0 1.0 0.0 0.0 0.0 0.0 0.0 0.0 0.0 163.0 23.0 0.0 0.0 0.0 0.0 0.0 2.0 163.0 30.0 0.0 0.0 7.0 19.0 5.0 33.0 13.0 0.0 0.0 0.0 33.0 52.0 5.0 9.0 1.0 0.0 0.0 0.0 0.0 0.0 0.0 0.0 155.0 22.0 0.0 0.0 0.0 0.0 0.0 3.0 163.0 107.0 1.0 1.0 8.0 18.0 5.0 44.0 23.0 20.0 2.0 3.0 86.0 81.0 5.0 10.0 0.0 0.0 0.0 0.0 0.0 0.0 0.0 0.0 32.0 36.0 0.0 0.0 0.0 0.0 0.0 0.0 110.0 163.0 7.0 1.0 2.0 1.0 0.0 0.0 11.0 160.0 28.0 9.0 48.0 18.0 0.0 0.0
0.0 0.0 0.0 0.0 0.0 0.0 0.0 0.0 98.0 0.0 0.0 0.0 0.0 0.0 0.0 11.0 198.0 1.0 0.0 0.0 0.0 0.0 0.0 47.0 64.0 2.0 0.0 0.0 0.0 0.0 0.0 8.0 0.0 0.0 0.0 0.0 0.0 0.0 0.0 0.0 158.0 1.0 0.0 0.0 0.0 0.0 0.0 7.0 198.0 3.0 0.0 0.0 0.0 0.0 0.0 26.0 77.0 2.0 0.0 0.0 0.0 0.0 0.0 7.0 0.0 0.0 0.0 0.0 0.0 0.0 0.0 0.0 171.0 1.0 0.0 0.0 0.0 0.0 0.0 4.0 198.0 6.0 0.0 0.0 0.0 0.0 0.0 15.0 71.0 10.0 0.0 0.0 0.0 0.0 0.0 4.0 0.0 0.0 0.0 0.0 0.0 0.0 0.0 0.0 137.0 2.0 0.0 0.0 0.0 0.0 0.0 1.0 198.0 11.0 0.0 0.0 0.0 0.0 0.0 3.0 58.0 8.0 0.0 0.0 0.0 0.0 0.0 0.0
0.0 0.0 0.0 0.0 0.0 0.0 0.0 0.0 39.0 0.0 0.0 0.0 0.0 0.0 0.0 40.0 92.0 1.0 0.0 2.0 1.0 1.0 98.0 151.0 3.0 0.0 0.0 13.0 14.0 21.0 151.0 69.0 1.0 0.0 0.0 0.0 0.0 0.0 0.0 1.0 151.0 5.0 0.0 0.0 0.0 0.0 0.0 34.0 151.0 65.0 16.0 22.0 1.0 1.0 8.0 95.0 12.0 12.0 14.0 87.0 26.0 10.0 15.0 12.0 6.0 0.0 0.0 0.0 0.0 0.0 0.0 25.0 79.0 1.0 0.0 0.0 0.0 0.0 1.0 151.0 141.0 24.0 12.0 9.0 3.0 1.0 3.0 151.0 3.0 12.0 25.0 30.0 4.0 0.0 0.0 1.0 23.0 0.0 0.0 0.0 0.0 0.0 35.0 111.0 76.0 1.0 3.0 3.0 0.0 0.0 3.0 151.0 6.0 1.0 4.0 23.0 13.0 1.0 2.0 43.0 4.0 1.0 9.0 22.0 7.0 0.0 0.0 11.0
4.0 0.0 0.0 0.0 0.0 0.0 0.0 0.0 148.0 24.0 0.0 0.0 0.0 0.0 0.0 6.0 148.0 38.0 1.0 2.0 48.0 3.0 0.0 9.0 0.0 0.0 0.0 1.0 79.0 12.0 0.0 0.0 2.0 1.0 0.0 0.0 0.0 0.0 0.0 0.0 148.0 54.0 0.0 0.0 0.0 0.0 0.0 4.0 148.0 95.0 1.0 3.0 27.0 7.0 1.0 16.0 4.0 2.0 0.0 2.0 80.0 20.0 0.0 2.0 2.0 0.0 0.0 0.0 0.0 0.0 0.0 0.0 148.0 8.0 0.0 0.0 0.0 0.0 0.0 35.0 148.0 16.0 0.0 0.0 25.0 18.0 5.0 105.0 5.0 0.0 0.0 2.0 116.0 31.0 3.0 7.0 1.0 0.0 0.0 0.0 0.0 0.0 0.0 0.0 140.0 42.0 0.0 0.0 0.0 0.0 0.0 4.0 148.0 117.0 1.0 2.0 27.0 3.0 0.0 10.0 8.0 7.0 1.0 2.0 119.0 11.0 0.0 1.0
28.0 0.0 0.0 0.0 0.0 0.0 0.0 7.0 181.0 0.0 0.0 0.0 0.0 0.0 0.0 78.0 126.0 0.0 0.0 4.0 18.0 1.0 0.0 36.0 84.0 0.0 0.0 1.0 5.0 0.0 0.0 11.0 62.0 1.0 0.0 0.0 0.0 0.0 0.0 7.0 181.0 7.0 0.0 0.0 1.0 0.0 0.0 61.0 126.0 3.0 0.0 3.0 39.0 3.0 0.0 23.0 122.0 1.0 0.0 1.0 6.0 0.0 0.0 16.0 64.0 4.0 0.0 0.0 0.0 0.0 0.0 1.0 181.0 41.0 0.0 0.0 1.0 0.0 0.0 4.0 132.0 15.0 0.0 3.0 32.0 3.0 0.0 5.0 110.0 7.0 0.0 0.0 4.0 1.0 0.0 11.0 48.0 0.0 0.0 0.0 0.0 0.0 0.0 2.0 181.0 5.0 0.0 0.0 0.0 0.0 0.0 13.0 112.0 6.0 0.0 3.0 18.0 1.0 0.0 5.0 81.0 12.0 0.0 0.0 2.0 0.0 0.0 3.0
18.0 0.0 0.0 0.0 0.0 0.0 0.0 5.0 171.0 0.0 0.0 0.0 0.0 1.0 1.0 100.0 104.0 0.0 0.0 2.0 11.0 19.0 4.0 59.0 101.0 0.0 0.0 0.0 2.0 2.0 1.0 25.0 48.0 0.0 0.0 0.0 0.0 0.0 0.0 7.0 171.0 7.0 0.0 0.0 2.0 1.0 2.0 93.0 109.0 3.0 0.0 1.0 40.0 30.0 6.0 46.0 111.0 0.0 0.0 0.0 3.0 4.0 1.0 30.0 50.0 5.0 0.0 0.0 0.0 0.0 0.0 1.0 171.0 83.0 0.0 1.0 2.0 0.0 0.0 7.0 120.0 32.0 1.0 8.0 39.0 3.0 0.0 6.0 99.0 12.0 0.0 0.0 3.0 0.0 0.0 15.0 20.0 4.0 0.0 0.0 0.0 0.0 0.0 0.0 171.0 98.0 0.0 0.0 0.0 0.0 0.0 0.0 116.0 57.0 2.0 8.0 10.0 0.0 0.0 0.0 61.0 26.0 0.0 1.0 1.0 0.0 0.0 0.0
0.0 0.0 0.0 0.0 0.0 0.0 0.0 0.0 25.0 0.0 0.0 0.0 0.0 0.0 0.0 35.0 69.0 0.0 0.0 0.0 0.0 0.0 3.0 170.0 18.0 0.0 0.0 8.0 20.0 3.0 11.0 170.0 1.0 0.0 0.0 0.0 0.0 0.0 0.0 0.0 145.0 4.0 0.0 0.0 0.0 0.0 0.0 20.0 170.0 21.0 1.0 4.0 3.0 0.0 2.0 120.0 25.0 5.0 1.0 43.0 72.0 3.0 6.0 30.0 1.0 0.0 0.0 0.0 0.0 0.0 0.0 0.0 168.0 1.0 0.0 0.0 0.0 0.0 0.0 10.0 170.0 21.0 3.0 9.0 4.0 0.0 0.0 12.0 23.0 8.0 3.0 70.0 65.0 0.0 0.0 0.0 1.0 0.0 0.0 0.0 0.0 0.0 0.0 0.0 146.0 0.0 0.0 0.0 0.0 0.0 0.0 12.0 170.0 8.0 1.0 7.0 7.0 0.0 0.0 15.0 11.0 2.0 1.0 34.0 66.0 0.0 0.0 0.0
1.0 0.0 0.0 0.0 0.0 0.0 0.0 0.0 162.0 8.0 0.0 0.0 0.0 0.0 0.0 0.0 186.0 27.0 3.0 3.0 0.0 1.0 2.0 9.0 25.0 6.0 7.0 12.0 1.0 2.0 6.0 15.0 1.0 0.0 0.0 0.0 0.0 0.0 0.0 0.0 182.0 15.0 0.0 0.0 0.0 0.0 0.0 1.0 186.0 24.0 0.0 0.0 0.0 2.0 9.0 27.0 31.0 1.0 0.0 0.0 1.0 11.0 34.0 28.0 1.0 0.0 0.0 0.0 0.0 0.0 0.0 0.0 179.0 4.0 0.0 0.0 0.0 0.0 0.0 4.0 186.0 12.0 0.0 0.0 1.0 1.0 2.0 21.0 44.0 6.0 2.0 4.0 13.0 18.0 11.0 10.0 0.0 0.0 0.0 0.0 0.0 0.0 0.0 0.0 119.0 15.0 0.0 0.0 0.0 0.0 0.0 0.0 186.0 71.0 0.0 0.0 0.0 0.0 1.0 5.0 45.0 17.0 4.0 6.0 12.0 18.0 6.0 7.0
6.0 13.0 0.0 0.0 0.0 0.0 0.0 0.0 139.0 120.0 0.0 0.0 0.0 0.0 0.0 0.0 116.0 48.0 0.0 0.0 3.0 41.0 8.0 7.0 1.0 0.0 0.0 1.0 12.0 40.0 2.0 1.0 2.0 1.0 0.0 0.0 0.0 0.0 0.0 0.0 151.0 59.0 0.0 0.0 0.0 0.0 0.0 3.0 151.0 62.0 0.0 0.0 10.0 29.0 5.0 24.0 8.0 0.0 0.0 0.0 68.0 72.0 3.0 5.0 1.0 0.0 0.0 0.0 0.0 0.0 0.0 0.0 151.0 8.0 0.0 0.0 0.0 0.0 0.0 17.0 151.0 21.0 0.0 0.0 10.0 22.0 6.0 81.0 15.0 2.0 0.0 0.0 89.0 112.0 4.0 11.0 1.0 0.0 0.0 0.0 0.0 0.0 0.0 0.0 94.0 43.0 0.0 0.0 0.0 0.0 0.0 1.0 151.0 151.0 42.0 2.0 3.0 4.0 0.0 6.0 8.0 59.0 73.0 13.0 47.0 41.0 0.0 1.0
1.0 0.0 0.0 0.0 0.0 0.0 0.0 0.0 139.0 1.0 0.0 0.0 0.0 0.0 0.0 9.0 185.0 5.0 0.0 0.0 0.0 0.0 0.0 30.0 57.0 12.0 1.0 0.0 0.0 0.0 0.0 6.0 1.0 0.0 0.0 0.0 0.0 0.0 0.0 0.0 185.0 9.0 0.0 0.0 0.0 0.0 0.0 3.0 185.0 28.0 1.0 1.0 0.0 0.0 0.0 13.0 37.0 12.0 14.0 10.0 1.0 0.0 0.0 5.0 1.0 0.0 0.0 0.0 0.0 0.0 0.0 0.0 184.0 2.0 0.0 0.0 0.0 0.0 0.0 12.0 185.0 8.0 0.0 1.0 1.0 2.0 1.0 35.0 31.0 2.0 3.0 6.0 4.0 8.0 10.0 22.0 1.0 0.0 0.0 0.0 0.0 0.0 0.0 0.0 160.0 3.0 0.0 0.0 0.0 0.0 0.0 2.0 185.0 12.0 0.0 0.0 0.0 0.0 1.0 9.0 36.0 3.0 0.0 0.0 0.0 2.0 8.0 19.0
1.0 0.0 0.0 0.0 0.0 0.0 0.0 3.0 4.0 0.0 0.0 0.0 0.0 7.0 29.0 29.0 0.0 0.0 0.0 0.0 1.0 32.0 24.0 3.0 0.0 0.0 0.0 0.0 0.0 2.0 0.0 0.0 23.0 0.0 0.0 0.0 0.0 0.0 0.0 7.0 150.0 2.0 0.0 0.0 5.0 36.0 52.0 120.0 19.0 0.0 0.0 0.0 99.0 150.0 52.0 27.0 0.0 0.0 0.0 0.0 22.0 21.0 0.0 0.0 32.0 3.0 0.0 0.0 0.0 0.0 0.0 0.0 150.0 43.0 0.0 0.0 10.0 14.0 4.0 17.0 94.0 9.0 0.0 0.0 150.0 150.0 5.0 8.0 0.0 0.0 0.0 0.0 88.0 43.0 0.0 0.0 15.0 2.0 0.0 0.0 0.0 0.0 0.0 0.0 150.0 56.0 0.0 0.0 2.0 1.0 0.0 0.0 121.0 26.0 0.0 0.0 150.0 89.0 1.0 1.0 0.0 0.0 0.0 0.0 125.0 58.0 0.0 0.0
0.0 0.0 0.0 0.0 0.0 0.0 0.0 0.0 0.0 0.0 0.0 0.0 0.0 2.0 18.0 8.0 0.0 0.0 0.0 0.0 1.0 6.0 10.0 2.0 0.0 0.0 0.0 0.0 0.0 0.0 0.0 0.0 15.0 2.0 0.0 0.0 0.0 0.0 0.0 2.0 114.0 5.0 0.0 0.0 4.0 32.0 65.0 95.0 10.0 0.0 0.0 0.0 86.0 152.0 51.0 21.0 0.0 0.0 0.0 0.0 20.0 12.0 0.0 0.0 39.0 8.0 0.0 0.0 0.0 0.0 0.0 0.0 152.0 37.0 0.0 0.0 10.0 22.0 7.0 25.0 73.0 3.0 0.0 0.0 152.0 152.0 9.0 14.0 0.0 0.0 0.0 0.0 73.0 57.0 0.0 0.0 27.0 2.0 0.0 0.0 0.0 0.0 0.0 0.0 152.0 15.0 0.0 0.0 1.0 4.0 1.0 9.0 130.0 2.0 0.0 0.0 143.0 152.0 6.0 17.0 0.0 0.0 0.0 0.0 119.0 120.0 0.0 0.0
36.0 4.0 0.0 0.0 0.0 0.0 0.0 0.0 175.0 34.0 0.0 2.0 39.0 1.0 0.0 2.0 53.0 6.0 0.0 8.0 175.0 7.0 0.0 1.0 0.0 0.0 0.0 1.0 51.0 1.0 0.0 0.0 43.0 1.0 0.0 0.0 0.0 0.0 0.0 3.0 175.0 28.0 5.0 8.0 38.0 6.0 0.0 28.0 70.0 8.0 5.0 40.0 175.0 32.0 0.0 7.0 0.0 0.0 0.0 3.0 66.0 4.0 0.0 0.0 23.0 10.0 0.0 0.0 0.0 0.0 0.0 1.0 151.0 157.0 80.0 31.0 8.0 0.0 0.0 4.0 16.0 32.0 85.0 175.0 125.0 1.0 0.0 1.0 0.0 0.0 0.0 17.0 26.0 0.0 0.0 0.0 0.0 2.0 0.0 0.0 0.0 0.0 0.0 0.0 1.0 22.0 25.0 3.0 0.0 0.0 0.0 0.0 0.0 3.0 24.0 22.0 0.0 0.0 0.0 0.0 0.0 0.0 0.0 2.0 0.0 0.0 0.0 0.0
0.0 0.0 0.0 0.0 0.0 0.0 0.0 1.0 0.0 0.0 0.0 0.0 0.0 0.0 17.0 27.0 0.0 0.0 0.0 0.0 0.0 0.0 77.0 80.0 0.0 0.0 0.0 0.0 0.0 0.0 109.0 134.0 17.0 0.0 0.0 0.0 0.0 0.0 0.0 11.0 110.0 3.0 0.0 0.0 0.0 0.0 55.0 134.0 14.0 1.0 0.0 0.0 2.0 7.0 134.0 134.0 1.0 0.0 0.0 0.0 0.0 0.0 84.0 134.0 33.0 8.0 0.0 0.0 0.0 0.0 0.0 2.0 134.0 134.0 0.0 0.0 1.0 1.0 4.0 44.0 83.0 74.0 1.0 1.0 6.0 9.0 20.0 50.0 35.0 8.0 0.0 0.0 0.0 0.0 32.0 79.0 4.0 5.0 0.0 0.0 0.0 0.0 0.0 0.0 82.0 134.0 0.0 0.0 0.0 0.0 0.0 0.0 113.0 134.0 0.0 0.0 0.0 0.0 0.0 2.0 48.0 62.0 1.0 0.0 0.0 0.0 0.0 3.0
1.0 0.0 0.0 0.0 0.0 0.0 0.0 0.0 113.0 15.0 0.0 0.0 0.0 0.0 0.0 5.0 109.0 9.0 0.0 0.0 31.0 83.0 11.0 19.0 0.0 0.0 0.0 0.0 57.0 91.0 1.0 1.0 1.0 0.0 0.0 0.0 0.0 0.0 0.0 0.0 133.0 21.0 0.0 0.0 0.0 0.0 0.0 1.0 143.0 19.0 0.0 0.0 33.0 55.0 4.0 21.0 6.0 0.0 0.0 0.0 143.0 143.0 1.0 4.0 1.0 0.0 0.0 0.0 0.0 0.0 0.0 0.0 137.0 5.0 0.0 0.0 0.0 0.0 0.0 5.0 143.0 17.0 0.0 0.0 13.0 27.0 4.0 23.0 22.0 1.0 0.0 0.0 131.0 143.0 3.0 6.0 0.0 0.0 0.0 0.0 0.0 0.0 0.0 0.0 69.0 21.0 0.0 0.0 0.0 0.0 0.0 0.0 143.0 102.0 1.0 0.0 2.0 3.0 0.0 1.0 36.0 22.0 2.0 8.0 111.0 58.0 1.0 1.0
42.0 14.0 0.0 0.0 0.0 0.0 0.0 0.0 142.0 33.0 0.0 0.0 0.0 5.0 1.0 6.0 131.0 35.0 0.0 0.0 1.0 14.0 3.0 6.0 142.0 110.0 0.0 0.0 0.0 0.0 0.0 0.0 51.0 2.0 0.0 0.0 0.0 0.0 0.0 9.0 142.0 24.0 0.0 0.0 2.0 5.0 2.0 31.0 86.0 38.0 1.0 1.0 24.0 25.0 4.0 9.0 142.0 142.0 0.0 0.0 2.0 0.0 0.0 0.0 29.0 18.0 1.0 0.0 0.0 0.0 0.0 3.0 91.0 142.0 5.0 0.0 1.0 0.0 0.0 3.0 35.0 111.0 5.0 4.0 28.0 6.0 0.0 0.0 114.0 142.0 1.0 0.0 8.0 2.0 0.0 0.0 1.0 7.0 1.0 0.0 0.0 0.0 0.0 0.0 23.0 80.0 3.0 0.0 0.0 0.0 0.0 0.0 67.0 137.0 0.0 0.0 4.0 3.0 1.0 1.0 21.0 61.0 4.0 0.0 6.0 18.0 11.0 3.0
40.0 0.0 0.0 0.0 0.0 0.0 0.0 3.0 166.0 4.0 1.0 5.0 12.0 2.0 0.0 19.0 73.0 4.0 1.0 52.0 166.0 21.0 0.0 4.0 0.0 0.0 0.0 11.0 94.0 6.0 0.0 0.0 59.0 3.0 0.0 0.0 0.0 0.0 0.0 4.0 166.0 45.0 11.0 12.0 25.0 3.0 0.0 37.0 55.0 12.0 13.0 102.0 166.0 10.0 0.0 9.0 0.0 0.0 0.0 17.0 82.0 0.0 0.0 0.0 22.0 16.0 0.0 0.0 0.0 0.0 0.0 0.0 103.0 166.0 108.0 24.0 5.0 0.0 0.0 1.0 9.0 28.0 116.0 166.0 91.0 1.0 0.0 0.0 0.0 0.0 0.0 21.0 23.0 0.0 0.0 0.0 0.0 2.0 0.0 0.0 0.0 0.0 0.0 0.0 0.0 10.0 18.0 1.0 0.0 0.0 0.0 0.0 0.0 1.0 17.0 11.0 0.0 0.0 0.0 0.0 0.0 0.0 0.0 1.0 0.0 0.0 0.0 0.0
0.0 0.0 0.0 0.0 0.0 0.0 0.0 0.0 106.0 1.0 0.0 0.0 0.0 0.0 0.0 12.0 153.0 2.0 0.0 0.0 5.0 1.0 0.0 23.0 24.0 0.0 0.0 0.0 153.0 12.0 0.0 1.0 1.0 0.0 0.0 0.0 0.0 0.0 0.0 0.0 138.0 13.0 0.0 0.0 0.0 0.0 0.0 4.0 153.0 22.0 0.0 1.0 4.0 1.0 0.0 10.0 32.0 1.0 0.0 6.0 153.0 14.0 0.0 1.0 1.0 0.0 0.0 0.0 0.0 0.0 0.0 0.0 137.0 7.0 0.0 0.0 0.0 0.0 0.0 9.0 153.0 37.0 7.0 7.0 2.0 0.0 0.0 16.0 19.0 8.0 8.0 73.0 131.0 3.0 0.0 0.0 0.0 0.0 0.0 0.0 0.0 0.0 0.0 0.0 49.0 34.0 1.0 0.0 0.0 0.0 0.0 0.0 88.0 143.0 81.0 12.0 0.0 0.0 0.0 0.0 2.0 12.0 81.0 146.0 16.0 0.0 0.0 0.0
27.0 0.0 0.0 0.0 0.0 0.0 0.0 4.0 156.0 0.0 0.0 1.0 5.0 0.0 0.0 56.0 87.0 0.0 0.0 85.0 156.0 0.0 0.0 22.0 0.0 0.0 0.0 54.0 115.0 0.0 0.0 0.0 47.0 2.0 0.0 0.0 0.0 0.0 0.0 6.0 156.0 33.0 7.0 13.0 20.0 0.0 0.0 54.0 70.0 10.0 8.0 129.0 156.0 0.0 0.0 12.0 0.0 0.0 0.0 33.0 89.0 0.0 0.0 0.0 24.0 15.0 0.0 0.0 0.0 0.0 0.0 1.0 121.0 156.0 85.0 29.0 4.0 0.0 0.0 3.0 10.0 30.0 89.0 156.0 90.0 0.0 0.0 0.0 0.0 0.0 0.0 24.0 25.0 0.0 0.0 0.0 0.0 3.0 0.0 0.0 0.0 0.0 0.0 0.0 0.0 20.0 23.0 3.0 0.0 0.0 0.0 0.0 0.0 2.0 23.0 20.0 0.0 0.0 0.0 0.0 0.0 0.0 0.0 3.0 0.0 0.0 0.0 0.0
3.0 74.0 13.0 0.0 0.0 0.0 0.0 0.0 2.0 74.0 48.0 2.0 1.0 1.0 0.0 0.0 0.0 11.0 38.0 31.0 47.0 14.0 1.0 1.0 1.0 0.0 0.0 5.0 34.0 43.0 36.0 37.0 0.0 95.0 76.0 0.0 0.0 0.0 0.0 0.0 8.0 47.0 127.0 5.0 0.0 0.0 0.0 0.0 64.0 49.0 60.0 9.0 3.0 1.0 2.0 16.0 30.0 9.0 31.0 17.0 2.0 2.0 10.0 72.0 0.0 127.0 74.0 0.0 0.0 0.0 0.0 0.0 48.0 87.0 86.0 2.0 0.0 0.0 0.0 4.0 99.0 51.0 127.0 40.0 0.0 0.0 0.0 9.0 11.0 9.0 127.0 127.0 0.0 0.0 0.0 3.0 0.0 114.0 41.0 0.0 0.0 0.0 0.0 0.0 4.0 81.0 127.0 4.0 0.0 0.0 0.0 0.0 2.0 14.0 127.0 78.0 0.0 0.0 0.0 0.0 0.0 0.0 115.0 108.0 0.0 0.0 0.0 0.0
0.0 0.0 0.0 0.0 0.0 0.0 0.0 3.0 0.0 0.0 0.0 0.0 0.0 0.0 26.0 24.0 0.0 0.0 0.0 0.0 0.0 1.0 90.0 11.0 0.0 0.0 0.0 0.0 0.0 18.0 55.0 1.0 27.0 0.0 0.0 0.0 0.0 0.0 0.0 19.0 110.0 1.0 0.0 0.0 0.0 1.0 89.0 147.0 11.0 0.0 0.0 0.0 0.0 21.0 147.0 67.0 0.0 0.0 0.0 0.0 10.0 143.0 147.0 2.0 54.0 10.0 0.0 0.0 0.0 0.0 0.0 3.0 147.0 106.0 0.0 0.0 0.0 1.0 9.0 50.0 76.0 45.0 2.0 3.0 9.0 29.0 69.0 21.0 0.0 0.0 1.0 2.0 62.0 93.0 38.0 0.0 12.0 9.0 0.0 0.0 0.0 0.0 0.0 0.0 136.0 147.0 0.0 0.0 0.0 0.0 0.0 0.0 85.0 147.0 4.0 4.0 5.0 0.0 0.0 0.0 3.0 4.0 2.0 3.0 49.0 12.0 0.0 0.0
