1.0 1.0 1.0 0.7853981633974483 16.0 0.0007989774774749361 3.702810919103654e-09 62555836346186.0 4.3837071866971864e+16 82525622478993.0 82542299554022.0 4.395562838160107e+16 6.456546531059231e+16 6.414633597570362e+16 0.5836377202195046 0.9037928427419359 1.4424733005502979 0.9311167215095263
1.0 1.0 1.0 0.7853981633974483 16.0 0.0007484162948854351 1.1884340127469083e-09 65015853247317.0 4.5264340173662456e+16 86303659301502.0 86233445446431.0 4.514828147898447e+16 6.685374464685465e+16 6.708692389099893e+16 0.6060457184205491 0.3840382148093841 1.3339726111016204 0.9441557902853238
1.0 1.0 1.0 0.7853981633974483 16.0 0.000924350212098175 8.948800228887075e-09 57758645025265.0 4.1243451828755816e+16 76113200324034.0 76903865082196.0 4.140423109890854e+16 6.085367793537965e+16 6.0133266623671976e+16 0.45367877566560366 0.8057852975317699 1.9993781203559613 0.9155550594540759
1.0 1.0 1.0 0.7853981633974483 16.0 0.0008461093460875586 3.6483373131917637e-09 60753446387731.0 4.2871908002472456e+16 80655429661799.0 80894109627594.0 4.297815178222221e+16 6.36232003825415e+16 6.323391066716666e+16 0.45294310428349005 0.9723345475928649 1.9226179132209602 0.916442497391554
1.0 1.0 1.0 0.7853981633974483 16.0 0.0008837271257592831 5.345425399593996e-09 58883057080491.0 4.189563079684808e+16 78784982837464.0 78104811169918.0 4.179782675085936e+16 6.153389302298046e+16 6.2089265217943064e+16 0.4829448913830746 0.7674196603128053 1.9463835942466443 0.9163756834165688
1.0 1.0 1.0 0.7853981633974483 16.0 0.0008298388416612499 2.733340419803082e-09 61194629529826.0 4.283033551383045e+16 80111439666980.0 83002523923346.0 4.3361967023986824e+16 6.525421115419663e+16 6.263559193812872e+16 0.4577565744437604 0.5423692570869992 1.8518386313773392 0.9339667212455837
0.7890942966043871 2.634857367806261 0.7703034643978188 0.2933491555312145 42.837589191634876 0.0015728339857093614 1.097633365852066e-06 7992205254476.0 3784063436495180.0 7793163375871.0 11916848936146.0 4528431802269856.0 7708241355627514.0 4306364370681409.0 0.573396794951675 1.9720300281036187 1.6905181508399545 0.8863829646823383
0.872122701132399 2.0779487295650854 0.9360926550574357 0.5265955735018112 23.863418620847845 0.0013745133396846827 7.762202625401381e-07 10848460222074.0 5804003423909198.0 13994586959718.0 12845419910618.0 5584554035965258.0 7755287318266098.0 8745925401774528.0 0.47791281575618805 1.543248449718964 1.9443666981035925 0.8757204405777017
1.0 1.0 1.0 0.7853981633974483 16.0 0.0008215833796346552 1.5152309111529285e-09 62302693376547.0 4.3866942367748184e+16 83232472179241.0 83227165391204.0 4.37479245160471e+16 6.520379364410124e+16 6.544267580137634e+16 0.40531592200225136 0.6237112811583582 2.1712854424793617 0.8954663861379148
1.0 1.0 1.0 0.7853981633974483 16.0 0.0007686267891171164 2.415904883454086e-09 63807836302880.0 4.457691531676146e+16 84250142652343.0 84340732532843.0 4.4501348249627816e+16 6.5446276652892856e+16 6.554667761517895e+16 0.5903478979096278 0.5875336021505382 1.518095520233999 0.9087023599759209
1.0 1.0 1.0 0.7853981633974483 16.0 0.000734595148518551 8.75433006931775e-10 65515461914104.0 4.54439432406709e+16 86848979713825.0 87176163930291.0 4.540194621741688e+16 6.748989336210574e+16 6.737191560591787e+16 0.553181807181433 0.5262087228128056 1.6713527165270106 0.9026171779811681
1.0 1.0 1.0 0.7853981633974483 16.0 0.0008307020594033152 5.114323190786649e-09 60923330131470.0 4.3024834356371624e+16 80464511641771.0 80353235711231.0 4.290413640500276e+16 6.275281331739302e+16 6.297478592848644e+16 0.5028566505615835 1.161903179985337 1.866025474293632 0.8821105221512214
1.0 1.0 1.0 0.7853981633974483 16.0 0.0008405024711016346 3.5375320850660003e-09 59160581411588.0 4.1514935344039704e+16 77834353318925.0 80096451345446.0 4.175803398423575e+16 6.265392847684544e+16 6.078559010210995e+16 0.3063870477480058 0.693220957050342 2.46979997545821 0.8799791197181777
1.0 1.0 1.0 0.7853981633974483 16.0 0.0009760973279487251 1.6303040887455494e-08 54679141096487.0 3.930308399790413e+16 70844193415873.0 73417266949001.0 3.93154357706251e+16 5.795850937572833e+16 5.621863614150714e+16 0.3512015993785541 1.2784635034824037 2.2401369379581113 0.9008311336402326
1.0 1.0 1.0 0.7853981633974483 16.0 0.0009112105363770018 2.9324206352346237e-09 58200954305484.0 4.107598100095876e+16 76792969251169.0 80144170594532.0 4.1812020384156664e+16 6.378794767519155e+16 6.0551133917020616e+16 0.45491007009974793 1.1127027584310845 1.6540654662323617 0.9117644468319543
1.0 1.0 1.0 0.7853981633974483 16.0 0.0009124533183789889 5.79649162354476e-09 59163831680033.0 4.21424625196403e+16 78115954630160.0 78776909876900.0 4.227618858746901e+16 6.24555481221798e+16 6.180042535964483e+16 0.38278533315326724 1.3589339717741957 2.405336214968037 0.853697199191383
1.0 1.0 1.0 0.7853981633974483 16.0 0.0008646157021558153 6.499785752572086e-09 59972294708248.0 4.25608003483819e+16 79177131471565.0 79102215261352.0 4.2497740200544984e+16 6.210328133433668e+16 6.221550653826535e+16 0.46951476053148006 0.8643990942693071 1.913285891006021 0.8970837907605103
1.0 1.0 1.0 0.7853981633974483 16.0 0.0008376057549171036 4.842246661124073e-09 60241193542364.0 4.251906755598716e+16 79554650923628.0 80163115997275.0 4.25083612513268e+16 6.271502702926558e+16 6.226440461261499e+16 0.5548531925435661 0.6602077987536658 1.4323221745074162 0.9351340491791545
0.7232496486524751 3.1654435032519195 1.0662196116966582 0.47124147525687327 26.666520826735923 0.0020470407031197113 2.8744647314067463e-06 9572364667678.0 5122886496129452.0 12556506655251.0 12476790585343.0 5200612349028378.0 8297391131680963.0 8223240304612143.0 0.48073458652364665 1.1355846774193563 2.057168916731363 0.8700645703040594
1.0 1.0 1.0 0.7853981633974483 16.0 0.0008816232462854714 9.203872306034946e-09 59154483017678.0 4.211522124884147e+16 77668142288519.0 77805533085116.0 4.205038640251938e+16 6.112034480797494e+16 6.1033868577872776e+16 0.4716007075573371 1.319768374266863 1.932101776442675 0.9049719168783767
1.0 1.0 1.0 0.7853981633974483 16.0 0.0012467027174833877 1.1559355347109727e-10 44587720816624.0 3.2011029088921012e+16 62236629551873.0 64057034177204.0 3.2288464056346536e+16 5.1800847994582824e+16 5.034136436718462e+16 0.12338585777298497 1.1690474554007835 3.2815646540002246 0.7866417389698918
1.0 1.0 1.0 0.7853981633974483 16.0 0.0009872167814851045 1.573056947561616e-12 52547328455518.0 3.7046217656402376e+16 72460544873105.0 72633708585669.0 3.709586356403116e+16 5.754805315805809e+16 5.747023230986204e+16 0.1245512359811718 0.4651568609481916 2.891265241009667 0.8579630104123313
1.0 1.0 1.0 0.7853981633974483 16.0 0.000989581073508779 2.9085490334813096e-11 51546241826750.0 3.6007829093357964e+16 69684330556726.0 72720162340586.0 3.655623317875968e+16 5.7632265387163464e+16 5.500021810997607e+16 0.09618328702582629 2.495183055351904 3.9935594710371576 0.6975498583180184
1.0 1.0 1.0 0.7853981633974483 16.0 0.001109768760016329 1.1160250622422747e-10 49627267004549.0 3.5205882344810228e+16 67409427424446.0 70906972444958.0 3.5987142176529236e+16 5.72089759291572e+16 5.398070015198644e+16 0.16115001020421504 0.8900426900048888 2.9933922583458576 0.8358869016602705
1.0 1.0 1.0 0.7853981633974483 16.0 0.0010795229627586808 1.5512416969625297e-10 50366978146287.0 3.5618393549705772e+16 68937001931966.0 71226182036740.0 3.6162169689540984e+16 5.715650270452801e+16 5.49603488691337e+16 0.10880104759273618 2.240900690371458 3.9383601515838818 0.7163986754269877
1.0 1.0 1.0 0.7853981633974483 16.0 0.0007579371691213937 1.4066664925795685e-09 64298827173701.0 4.4747588279380744e+16 85045625633026.0 85787960693769.0 4.4818151423170376e+16 6.667840160047124e+16 6.604542291849546e+16 0.6668483513704696 0.5922092650293257 1.2186089954883497 0.9358648511323842
1.0 1.0 1.0 0.7853981633974483 16.0 0.0007035672055157288 4.879123653046973e-10 67037862319725.0 4.625966473610931e+16 89222517663135.0 88698847421480.0 4.618451888024114e+16 6.8434650783275016e+16 6.885385004553136e+16 0.6605535008103031 0.3376939760508311 1.2340614090130753 0.9335868043955374
1.0 1.0 1.0 0.7853981633974483 16.0 0.0009285827531481831 1.0139876245366248e-09 53281599309163.0 3.681541446637076e+16 69744676583235.0 76147274091552.0 3.801682338393677e+16 6.009251006345511e+16 5.459097538296159e+16 0.12891396438173572 1.8016403958944291 3.677372106311236 0.7706692008160825
1.0 1.0 1.0 0.7853981633974483 16.0 0.0009391975530084578 2.5615481049887494e-09 55172473622024.0 3.905070780866689e+16 73830746961450.0 76398914177616.0 3.935736463769069e+16 6.034724631650682e+16 5.858102598052246e+16 0.2585590264193239 1.1650228341886606 3.062624403363111 0.811749385577335
1.0 1.0 1.0 0.7853981633974483 16.0 0.0009978777941174535 6.502897450878348e-09 53448721990187.0 3.805488858593817e+16 70205666892406.0 74239369704210.0 3.8610637395020024e+16 5.9084636944812664e+16 5.577302540438799e+16 0.24355215251855672 0.4976096652003911 2.569495703634732 0.8943077920786201
1.0 1.0 1.0 0.7853981633974483 16.0 0.0009278411872843549 2.3618555436565043e-09 57146205454783.0 4.0835211104036344e+16 78181910362457.0 76769451633578.0 4.0592570718248456e+16 6.0903605922517496e+16 6.2091382368820056e+16 0.3130118313627353 0.38862796309872943 2.423074978678708 0.9003439936082493
1.0 1.0 1.0 0.7853981633974483 16.0 0.0009470482491575733 1.4161638312344735e-09 53966268649810.0 3.807352929932714e+16 72966069206115.0 74808315609087.0 3.827728824862522e+16 5.906494351410471e+16 5.77660531549186e+16 0.20559611305154313 0.6880632178641258 2.721020302331648 0.859753957487968
1.0 1.0 1.0 0.7853981633974483 16.0 0.0010016455584212504 6.197885234756672e-09 53328478483067.0 3.81833318598645e+16 71266818097541.0 73148312285644.0 3.8375039808042216e+16 5.824137631149873e+16 5.667378484708844e+16 0.26621985503854145 0.7439697504276636 2.632929939883556 0.8712452839302158
1.0 1.0 1.0 0.7853981633974483 16.0 0.0010396040987107696 4.749533219983972e-09 52157905474265.0 3.765691002449482e+16 71151499935023.0 71855335115988.0 3.7497740826466824e+16 5.722490500195688e+16 5.722782226742295e+16 0.3061717002396547 0.7038581378299124 2.489470066752637 0.8769571211700389
1.0 1.0 1.0 0.7853981633974483 16.0 0.0009230783496856491 5.984942533133654e-10 55914911977892.0 3.929073769658048e+16 75292616071109.0 77067321449167.0 3.966698851641842e+16 6.0970393478574376e+16 5.938038878672811e+16 0.1575124215522878 1.0336995204056698 3.1433100312213282 0.7991765931402695
1.0 1.0 1.0 0.7853981633974483 16.0 0.0008095014955325063 2.6941394143398192e-09 60160516280634.0 4.21023329918719e+16 80024278112752.0 80741923084854.0 4.217374034478926e+16 6.29936905417736e+16 6.231254473328871e+16 0.5080762239744108 0.803074214931574 1.7642578828702928 0.91641147492387
1.0 1.0 1.0 0.7853981633974483 16.0 0.0008506461538732303 3.2476424196281866e-09 56780798771189.0 3.968557006135158e+16 75325090959359.0 77697115172525.0 4.005163783219598e+16 6.080092235897264e+16 5.8770906684808984e+16 0.4770077872455303 0.7832155348851421 1.9051262092152388 0.8973761242966982
1.0 1.0 1.0 0.7853981633974483 16.0 0.0008442291740787919 3.687527675455425e-09 57523605269469.0 4.057975276555947e+16 77940205390070.0 76413878641917.0 4.023706608337395e+16 5.951431695039469e+16 6.102993615519723e+16 0.4717739187611039 0.834259301686218 1.8759352866122903 0.9072380325555437
1.0 1.0 1.0 0.7853981633974483 16.0 0.000815833576503157 2.8352137053585415e-09 57636263546977.0 4.023637029259688e+16 76969146463091.0 77761885388608.0 4.0203832819300744e+16 6.03045368531257e+16 5.973755888956721e+16 0.47128839352343244 1.5197202620967758 2.2027442991940065 0.8674759002258355
1.0 1.0 1.0 0.7853981633974483 16.0 0.0008402317890907771 4.005427458574431e-09 59583866326554.0 4.214910063441054e+16 79599593801787.0 79269278703822.0 4.177739467826874e+16 6.174061583735966e+16 6.26472875086832e+16 0.47947014354948947 1.0876004246089932 1.8081038873105273 0.9297123772362
1.0 1.0 1.0 0.7853981633974483 16.0 0.0008160978083477355 2.541263371189602e-09 59775630495919.0 4.180074434573924e+16 79256413549412.0 80800284778375.0 4.197901431604497e+16 6.306447885761329e+16 6.175252427162838e+16 0.44423579769355215 0.36909862231182816 1.8789385822116205 0.9178278753785007
1.0 1.0 1.0 0.7853981633974483 16.0 0.0008799697910813159 6.8420824194124326e-09 57503559251443.0 4.0812883820575416e+16 76770087636686.0 76171782433758.0 4.070645133036398e+16 5.97426626176283e+16 6.029300121710966e+16 0.47275677431472535 1.0607778897849456 1.6156112614589582 0.9345929637255399
1.0 1.0 1.0 0.7853981633974483 16.0 0.000879101784399463 6.7952028911944175e-09 58063938230482.0 4.112616363895277e+16 76865026973514.0 77263286493682.0 4.121366294098011e+16 6.074994256070441e+16 6.031048908646444e+16 0.43318067524146586 0.8385244837487774 2.0497890251044213 0.8991486937928449
1.0 1.0 1.0 0.7853981633974483 16.0 0.001700999927693091 9.152523279682623e-10 37705214639340.0 2.793918171051884e+16 53121629503841.0 55358842267589.0 2.8489897831728656e+16 4.625070249905567e+16 4.4173803868498104e+16 0.12123779202270216 0.6370471346529816 3.1584039502638097 0.8783323968492698
1.0 1.0 1.0 0.7853981633974483 16.0 0.0010243364821584705 4.1733952935862086e-10 54526620273697.0 3.905829148092403e+16 74171680650786.0 74421739715854.0 3.901478169356795e+16 5.929506946461808e+16 5.950984856250595e+16 0.17862421057934244 1.1203300647605086 3.127490477152129 0.8631654260840652
1.0 1.0 1.0 0.7853981633974483 16.0 0.0012812424644792722 4.556778960055104e-11 42742873693304.0 3.0625844281574824e+16 60386258665345.0 61231656191040.0 3.0793291939064756e+16 4.948635220369493e+16 4.87577370404262e+16 0.11243338104244038 0.9496674150782026 3.294172494341183 0.8397575501623684
1.0 1.0 1.0 0.7853981633974483 16.0 0.0013739807964957577 9.867266870702e-10 43323149274821.0 3.225073374187732e+16 63943032126761.0 59969901741634.0 3.11625288622399e+16 4.881625121372859e+16 5.283201037915126e+16 0.1270265842390354 1.9207409274193556 3.6381869406606286 0.7852663251104355
1.0 1.0 1.0 0.7853981633974483 16.0 0.001254019368470001 4.9852491575436424e-11 45651675280507.0 3.319266052769868e+16 64764440255720.0 63872035965237.0 3.295241226349301e+16 5.1750410979242296e+16 5.2649269995197576e+16 0.10774535729592129 0.7923597110215057 3.3671437889550933 0.8289519065470135
1.0 1.0 1.0 0.7853981633974483 16.0 0.0007859798002515285 3.6429370133648545e-09 62404858351559.0 4.364565554486312e+16 81805645739846.0 82829023921108.0 4.371341817728112e+16 6.435222141809869e+16 6.356810780794968e+16 0.5377369045175922 0.5929939516129036 1.5457598668167085 0.9386556949615329
1.0 1.0 1.0 0.7853981633974483 16.0 0.0008376583543163337 8.205665198415196e-09 60756177074359.0 4.291612609512516e+16 79076653539057.0 79825239533186.0 4.298310227096613e+16 6.23995681802069e+16 6.1731243403107096e+16 0.575838931100896 1.369434643817205 1.3492224683267642 0.9458340935251829
1.0 1.0 1.0 0.7853981633974483 16.0 0.0007792928844367131 3.240093347875624e-09 63261500590961.0 4.412219028187952e+16 82370349344964.0 84369771266199.0 4.438296041260204e+16 6.573815745455394e+16 6.388761798270304e+16 0.5401892316333893 0.5965517702223856 1.6748166030821785 0.9220113015249563
1.0 1.0 1.0 0.7853981633974483 16.0 0.0009365455060464093 2.3084627503336884e-11 54463881570036.0 3.81016562358477e+16 74476087804829.0 75448297052867.0 3.8384649032611544e+16 5.964765382445599e+16 5.873840594086486e+16 0.1242439176351534 0.8105506934261981 3.2059124570412747 0.8140169998259271
1.0 1.0 1.0 0.7853981633974483 16.0 0.0010025424993119233 1.220717287100979e-10 51595634899142.0 3.661748023024966e+16 71889853250449.0 70584778292353.0 3.6245169541243416e+16 5.579707671958862e+16 5.718222040531439e+16 0.11880818358812958 1.0079337350317705 3.1925452990605856 0.8074251546343896
1.0 1.0 1.0 0.7853981633974483 16.0 0.0009171880549860412 5.258281873586504e-12 54753532777536.0 3.831926253530043e+16 75183071963603.0 75687325785955.0 3.842586495049624e+16 5.967813256895786e+16 5.9307448029408936e+16 0.15416796200645827 0.804665544049365 2.9335139039303106 0.8415782536955205
1.0 1.0 1.0 0.7853981633974483 16.0 0.0009879160670586513 2.2569655528975172e-10 52461750381270.0 3.683708665010992e+16 70930619387403.0 73508615245478.0 3.731129414095648e+16 5.830309932549071e+16 5.622857775771533e+16 0.15256492162236754 0.5726875610948192 2.6812297602567137 0.8780371779425692
1.0 1.0 1.0 0.7853981633974483 16.0 0.0009149692566618472 1.696534243363508e-11 56760943896183.0 3.973967825490276e+16 76395304414579.0 78907494385012.0 4.023467169371733e+16 6.248088022746291e+16 6.037024504250924e+16 0.18368829737464779 0.3538650109970673 2.4815925382662427 0.9180709505915507
1.0 1.0 1.0 0.7853981633974483 16.0 0.0010940292148862536 7.556093834465404e-11 47788903631803.0 3.426605215469532e+16 68869404611737.0 65809069598504.0 3.369525714631826e+16 5.263548986851223e+16 5.51045166625666e+16 0.10669591255714447 1.3267446389296205 3.6994182941305382 0.7596943534764535
1.0 1.0 1.0 0.7853981633974483 16.0 0.0006963068293518058 3.5900447719504145e-10 67470135366340.0 4.644505885205841e+16 89349912970552.0 89836931455121.0 4.646686831771916e+16 6.929790577394848e+16 6.88739716216587e+16 0.807688927094552 1.3949503222751711 0.8375742041043387 0.9425974172500746
1.0 1.0 1.0 0.7853981633974483 16.0 0.0006897198944614132 1.5006226713585895e-10 67844576920836.0 4.654561806581197e+16 89793965800362.0 90987502341244.0 4.673258623401536e+16 7.020737763580678e+16 6.9172014079262696e+16 0.8389757223002579 0.7499751802297168 0.6679595860728831 0.9603429828722001
1.0 1.0 1.0 0.7853981633974483 16.0 0.000662173680017383 3.116875999204138e-12 69472598017191.0 4.750884355229882e+16 92854611503852.0 92571554992066.0 4.746331030786933e+16 7.114348349592673e+16 7.138098913389643e+16 0.9442740251444306 0.47213503482404723 0.24458702936267243 0.9793866667510258
1.0 1.0 1.0 0.7853981633974483 16.0 0.0006738287000734818 8.494848581297395e-11 68748429485486.0 4.7142215809213704e+16 91594258853140.0 91370408008274.0 4.709249700317775e+16 7.025512006015897e+16 7.0480144795017816e+16 0.89589785176573 1.3844887891006834 0.4141428813734523 0.9727170022650011
1.0 1.0 1.0 0.7853981633974483 16.0 0.0006720199585386721 3.007344382581786e-11 68891610486514.0 4.720145574662445e+16 91940473629523.0 91813798070780.0 4.7172619544833816e+16 7.064488774701947e+16 7.075414506081172e+16 0.8753614944310586 0.3791964503910068 0.5065423215691695 0.9684796775616066
1.0 1.0 1.0 0.7853981633974483 16.0 0.0006893434560415427 3.055319679921735e-10 67967553685360.0 4.672940879250014e+16 90159399493991.0 90184119537011.0 4.674816000505918e+16 6.951520314920066e+16 6.944817927685511e+16 0.8402535467030391 0.8083245509530798 0.5835215083313862 0.9638839411322939
1.0 1.0 1.0 0.7853981633974483 16.0 0.0007372685140367452 8.13937614099525e-10 65178565718216.0 4.517793206614733e+16 86523979281115.0 87009077466312.0 4.524994032662807e+16 6.7467984374807976e+16 6.7029861028151576e+16 0.7022020652807892 0.7928274682306952 1.2067686102891053 0.9285185088892197
1.0 1.0 1.0 0.7853981633974483 16.0 0.0007557289881805198 1.3434776070823887e-09 64404843502003.0 4.494672544559085e+16 85975586747279.0 85176057042057.0 4.4723883867442776e+16 6.599625153369755e+16 6.693753547873049e+16 0.6735332583592943 0.5648292399804499 1.174312329168156 0.9358173153068328
1.0 1.0 1.0 0.7853981633974483 16.0 0.0008148341873821469 5.461145049410708e-09 61456184349599.0 4.301632189449322e+16 79938389074660.0 81752467337875.0 4.347594233410778e+16 6.406708336338502e+16 6.197884349952891e+16 0.5617759551812992 0.9285667919110459 1.5088514620114521 0.9270788801786112
1.0 1.0 1.0 0.7853981633974483 16.0 0.0007707696520852916 3.5273368425726123e-09 63287440243295.0 4.423298791501902e+16 83097600035564.0 83381908963506.0 4.416249444748526e+16 6.451861504303962e+16 6.460642952324411e+16 0.5671929927012813 0.8925284854594339 1.575369538915205 0.9353535440294174
1.0 1.0 1.0 0.7853981633974483 16.0 0.000759258079507554 1.3892523053485325e-09 64218889384079.0 4.47297605437518e+16 85441068971574.0 85230272864332.0 4.473175700348795e+16 6.6303358764304e+16 6.630348865745154e+16 0.5821046819901303 0.503075742302053 1.5431074724863787 0.9172183224906261
1.0 1.0 1.0 0.7853981633974483 16.0 0.0008080930297203317 3.414029166139447e-09 62099623318449.0 4.373913243241934e+16 83198869441350.0 81249452565430.0 4.35224638264457e+16 6.348254080167406e+16 6.498964033690536e+16 0.5726148724178588 1.0027492668621711 1.566126631726085 0.9275791438636573
1.0 1.0 1.0 0.7853981633974483 16.0 0.0008406814241454835 1.7924174307159472e-09 60118291351057.0 4.225045843809883e+16 79945705174310.0 82046385873020.0 4.244844160772813e+16 6.440125715159626e+16 6.289617905283989e+16 0.4989431689270713 0.4743859970674488 1.69095424157523 0.9372246303862868
1.0 1.0 1.0 0.7853981633974483 16.0 0.00098998523889052 1.0527208837874654e-08 54453277271499.0 3.91684785594831e+16 72476427140062.0 72821479772281.0 3.914381311779211e+16 5.773989571062362e+16 5.764127746272899e+16 0.29932764228890657 0.5266755254154452 2.540963621739537 0.8996350963398201
1.0 1.0 1.0 0.7853981633974483 16.0 0.0008170688506946766 2.4894248111077714e-09 60894527319310.0 4.26132055233622e+16 80092239116695.0 82668911347298.0 4.29392382312816e+16 6.463623829804656e+16 6.2622656247668e+16 0.5028753741862588 0.4820553060850442 1.765104025017536 0.932449758137014
0.7114102252901764 2.8460667622314197 1.0212876274371367 0.4485156103709406 28.01768840100409 0.0015712887827335042 1.6259412049753785e-06 10201825882810.0 5547190227365558.0 13780658521066.0 11797022941304.0 5317024654149936.0 7340271491085602.0 8886890794291512.0 0.5410740333370112 1.814813011669114 1.9983909567737983 0.864724676156432
1.0 1.0 1.0 0.7853981633974483 16.0 0.0008162759571082323 1.8141569156678442e-09 60926389358326.0 4.264488095247514e+16 81015905589795.0 82444264756508.0 4.288418998013187e+16 6.463586393750077e+16 6.327360519271934e+16 0.47660296589074924 0.41261818029081143 1.8190928151849686 0.9346799600610456
1.0 1.0 1.0 0.7853981633974483 16.0 0.0008169487746796326 3.404580014437941e-09 61126845669769.0 4.289153632002192e+16 80395380884480.0 82023463773952.0 4.3073672956478216e+16 6.404664974302394e+16 6.278678217924081e+16 0.5248197763999488 0.7157678091397848 1.507205217634221 0.9492784807100527
1.0 1.0 1.0 0.7853981633974483 16.0 0.0008356993782396851 7.08783104925855e-10 62183290407527.0 4.350400319927218e+16 82240449886777.0 84619939521641.0 4.4053492425207176e+16 6.674189984262545e+16 6.4540607380049256e+16 0.29329760714473113 0.38804565310361694 2.534820373516854 0.9031557617825434
1.0 1.0 1.0 0.7853981633974483 16.0 0.0007793122334260629 3.1783729244736796e-09 63189402198458.0 4.437020819613729e+16 84116309930673.0 82536861030234.0 4.4023287259798264e+16 6.395078624213555e+16 6.5582358854911144e+16 0.5814229883342957 0.6270199474584565 1.400596184609604 0.940806486296604
0.9060945063974221 1.6962262287762135 0.9158714838856173 0.5571390002994224 22.555180318745673 0.0020026084875314314 7.931462987627244e-07 7122284643832.0 3614072858896976.0 7470125592257.0 9495817713975.0 4036210127989970.0 6074729891066473.0 4306622010988997.0 0.4642920570029682 2.052469948985822 2.215811298865926 0.8217748404901788
1.0 1.0 1.0 0.7853981633974483 16.0 0.000747034460192039 1.4285805452170089e-09 64508684415146.0 4.484510112879356e+16 85430657514748.0 85647096966943.0 4.481245270894653e+16 6.6333444787546376e+16 6.62371272845663e+16 0.5186074490203989 0.7185896260997071 1.8147571092139065 0.9064322077344935
1.0 1.0 1.0 0.7853981633974483 16.0 0.0007451163400510629 1.781298160016969e-09 64763673191257.0 4.511708821333533e+16 86146910793221.0 85002510298986.0 4.491821648845683e+16 6.574349683712839e+16 6.681215331106467e+16 0.617899566921017 0.5841562041788859 1.4004200953073287 0.9268650059892022
0.8804648060664508 1.1332016676634218 0.8825804043511769 0.5365544623195526 23.420494091194588 0.001016135919154863 1.3328556149865222e-08 18996556561682.0 1.1678237597317226e+16 23734276459099.0 19757400504102.0 1.0755341411400638e+16 1.2448048691705102e+16 1.5827090421766794e+16 0.3287229315932034 2.3474424181329434 2.890310828188484 0.7885678006505145
1.0 1.0 1.0 0.7853981633974483 16.0 0.0008074283231070267 2.661788477610355e-09 62169600343890.0 4.3525906935690184e+16 81800415334707.0 83318482010057.0 4.377822942915427e+16 6.5227592031371864e+16 6.380661840963123e+16 0.4952086494769856 0.7836155150293252 1.8267577065966663 0.9093108814074582
0.7179585802638357 3.2176841641730913 0.9099750478337784 0.3378341385808017 37.196864316758806 0.004035558563589826 1.20226611253922e-05 3944634469357.0 2138886649733047.0 5888345267296.0 4786627745903.0 1816344308683565.0 2797417464317867.0 3917785521147320.0 0.5706177389999479 1.6189792964931595 1.729111948989277 0.8751598205236167
1.0 1.0 1.0 0.7853981633974483 16.0 0.000890247939435827 3.639413021335282e-09 59263655673711.0 4.2435127079628504e+16 80698531674901.0 77834296893812.0 4.179711510565618e+16 6.134986382823334e+16 6.390989524673539e+16 0.424303114140776 3.415448588709681 2.5667661370837704 0.812765366501921
1.0 1.0 1.0 0.7853981633974483 16.0 0.0007771457382070724 1.741877084734698e-09 62843072045044.0 4.412337355487076e+16 84750721703105.0 82584076714393.0 4.3604324903872296e+16 6.399573225897891e+16 6.61417277916668e+16 0.4674618716217735 0.43740263013196506 1.831694413679872 0.9280262900138045
1.0 1.0 1.0 0.7853981633974483 16.0 0.000764904748859151 9.750053565926155e-10 63492463671721.0 4.4287949300879896e+16 84880681302473.0 85017054206224.0 4.4153137999323144e+16 6.602294659391022e+16 6.6141283392420824e+16 0.6746458341308946 1.2822542460899322 1.1939636700124623 0.9337116309153422
1.0 1.0 1.0 0.7853981633974483 16.0 0.0007823763992458974 1.6297728722445767e-09 63664027112457.0 4.434775185139227e+16 83610337216984.0 85557589284145.0 4.468921942952149e+16 6.682118360891485e+16 6.514411909926693e+16 0.5012788430354184 0.3421185774071361 1.6647402929550776 0.9382551521719412
1.0 1.0 1.0 0.7853981633974483 16.0 0.0008356221602543175 2.239298458895593e-09 59871014844338.0 4.220368552045467e+16 80202714252286.0 80737283536666.0 4.207278755067153e+16 6.315860203215501e+16 6.300752725433121e+16 0.5402998344890357 1.2924188966275671 1.6059187931023717 0.9024465301782822
1.0 1.0 1.0 0.7853981633974483 16.0 0.0008372953161057577 2.192389566461901e-09 60331644458782.0 4.240342464495536e+16 80446041183290.0 81350554432436.0 4.257400652365149e+16 6.3922103851199224e+16 6.3022049469959304e+16 0.37026337544095766 0.5884519336510265 2.2423780271238343 0.9101934857915288
1.0 1.0 1.0 0.7853981633974483 16.0 0.0008877739365784015 3.0618019295438778e-09 58696936188944.0 4.168767115093252e+16 78807011421078.0 79003063090243.0 4.1629791218083656e+16 6.230363484750879e+16 6.2303992081471656e+16 0.35330889372630164 1.0455595521749763 2.5994656804451024 0.8571333075975502
1.0 1.0 1.0 0.7853981633974483 16.0 0.0009304216971625954 6.259196676388178e-09 57475774334989.0 4.074890895582907e+16 74603786121450.0 78655890275318.0 4.135315898871809e+16 6.234008232361881e+16 5.906741646640066e+16 0.353850623392918 0.7452766067937442 2.2694355628989564 0.8862955470721464
1.0 1.0 1.0 0.7853981633974483 16.0 0.0009406393155985935 4.769815953841526e-09 54724402608899.0 3.882010168390198e+16 72875489898485.0 75003768354828.0 3.908061288654047e+16 5.927844597238516e+16 5.753833026605552e+16 0.29162149633656187 0.5656330186950153 2.311740720990851 0.9105186006933595
1.0 1.0 1.0 0.7853981633974483 16.0 0.0008316274574060172 2.8588335035851518e-09 61541028278006.0 4.33171069619472e+16 81674707815737.0 82165046390267.0 4.346512556976659e+16 6.458035480074614e+16 6.398494484623307e+16 0.5389896718890562 0.7245979197214074 1.590625203793747 0.9247679256722766
0.6930391060559287 2.9679591665033973 1.0549372868772195 0.45675618038270505 27.512207068178284 0.0014286728405628424 1.274274348207188e-06 13920711631446.0 7466322654998008.0 20110119758544.0 18455919297780.0 7141679919245808.0 1.185955437067308e+16 1.3496876445160416e+16 0.42327571638705075 1.9468102776759517 2.1178406573034296 0.8717152364363823
0.757690730812228 2.1106613295504624 1.040964519605044 0.5626350638299804 22.334851526702103 0.0014432962401157037 8.658118266002092e-07 14313215669325.0 7962354905142707.0 19460476097541.0 18195758268725.0 7665217020012181.0 1.177873824228914e+16 1.3056033788591416e+16 0.3314805670714567 2.2308773216031317 2.7122854964413023 0.8187995818812324
0.654707108084843 2.9921836144375114 1.0080612284229507 0.39240811171341344 32.02372794866367 0.0014347174183779723 1.2844159347000307e-06 12266278129265.0 6748442433988457.0 17479959521481.0 14564892904462.0 6193622877377731.0 8946359714516452.0 1.1661151547399772e+16 0.4945549125234448 1.7115541758308894 1.883673959792238 0.8875341578588358
0.793208855961762 2.2351408584046224 1.016361971626531 0.5497341914951972 22.85899405343602 0.0031534283939812406 4.865653339391792e-06 5253317490857.0 2876310968088125.0 7085029488210.0 6298854968161.0 2657870814091663.0 3792285258052503.0 4638466194232468.0 0.45290553414524026 1.9350313874633425 2.272552109295386 0.8240799888059108
1.0 1.0 1.0 0.7853981633974483 16.0 0.0008418044874018853 2.2532329485235577e-09 60622371295435.0 4.290701957376045e+16 81684961639085.0 80940653539435.0 4.263421871329573e+16 6.345153575753144e+16 6.435807453958023e+16 0.5299598882200632 1.15818976050831 1.7916918973487286 0.8997237864871797
1.0 1.0 1.0 0.7853981633974483 16.0 0.0009072411285019298 8.085471336974491e-09 58184565485428.0 4.145645740795009e+16 76846353950060.0 77268802658867.0 4.155991391656827e+16 6.109210299199551e+16 6.051829669090674e+16 0.4720590357960529 1.0212199489858267 1.8567666410029555 0.8986398544604588
0.76077667293541 2.206270294923273 0.9381787959354579 0.45147815483781284 27.833839754380726 0.0015376948859180113 1.0998180814668478e-06 11173833622776.0 5938663564795494.0 14936670614942.0 13837538405183.0 5873687536288230.0 8760102930834597.0 9465145578421544.0 0.4063442017066763 1.2386449550953096 2.38140149890065 0.8479523517870615
1.0 1.0 1.0 0.7853981633974483 16.0 0.0013333003790929083 3.918877872980364e-12 45415558813343.0 3.295573036697877e+16 62575756887423.0 65155433069923.0 3.352176887413637e+16 5.342127408652383e+16 5.113446549504513e+16 0.12771621987996118 0.8897964015151527 3.4126362995147352 0.8229041893504285
1.0 1.0 1.0 0.7853981633974483 16.0 0.0011016200450722886 1.6380663224262737e-11 47505960061329.0 3.3310474217976744e+16 64593943177637.0 68841607788892.0 3.414514003422039e+16 5.511290072953866e+16 5.146173494143811e+16 0.10770874762553348 1.0652129918132949 3.405605350579445 0.7831517656334213
1.0 1.0 1.0 0.7853981633974483 16.0 0.0010176838315010227 4.9506344819919164e-11 50908123746135.0 3.612311186994928e+16 71498488516791.0 70427686096705.0 3.5863081809435556e+16 5.585705589406247e+16 5.700893897747581e+16 0.12817417152389995 1.2415612781036178 3.4651709908386343 0.7563993697922649
1.0 1.0 1.0 0.7853981633974483 16.0 0.00101976492418304 2.2029141526231823e-12 51987856015574.0 3.699923206645714e+16 72723682161271.0 71846751560064.0 3.683723273437291e+16 5.726635699733179e+16 5.803102660592895e+16 0.12142653788176262 0.7446561125366576 3.3199924710050457 0.8073621448235504
1.0 1.0 1.0 0.7853981633974483 16.0 0.001292614908123038 4.825739170328866e-10 42471816387218.0 3.036244142422897e+16 59660882950060.0 61306844880364.0 3.0889490457178236e+16 4.9893342631600856e+16 4.8022563262143016e+16 0.12007961025928365 1.1572590191226815 3.1561457703549687 0.8258877926769697
1.0 1.0 1.0 0.7853981633974483 16.0 0.0012239457604506206 4.6913119376464663e-11 44970266326171.0 3.215175228290237e+16 62754697963731.0 64948887040520.0 3.256316657408539e+16 5.248979802734005e+16 5.071510603486103e+16 0.1235972480153057 0.7462493508675466 3.2335401461365905 0.8363528002385912
1.0 1.0 1.0 0.7853981633974483 16.0 0.000866004236647152 4.031523016262508e-12 57135956301379.0 3.9852304069360344e+16 78348899787155.0 78013404080512.0 3.982068331237144e+16 6.12197703753652e+16 6.145805389516724e+16 0.12340289165206576 0.6392093184872922 3.1964216973275468 0.8209925205072041
1.0 1.0 1.0 0.7853981633974483 16.0 0.001137067888566487 1.3309782964534123e-10 49105552120983.0 3.53022151662164e+16 68944792415962.0 68411310521616.0 3.5146949723019944e+16 5.501698135081647e+16 5.557096728196749e+16 0.10917843486066978 0.8126050067204311 3.4913791608481883 0.806921718483793
1.0 1.0 1.0 0.7853981633974483 16.0 0.001082112537168091 1.4547978054140235e-12 50029870661327.0 3.5552991958384084e+16 69074362922875.0 70180541083468.0 3.577555927818587e+16 5.6191473044613016e+16 5.524448273193874e+16 0.13103903877402057 0.9767820595063548 3.223075273406842 0.8280501843675381
1.0 1.0 1.0 0.7853981633974483 16.0 0.0007382846291790249 6.210231193169269e-10 65316564580130.0 4.522589211876912e+16 86978691102189.0 87313902776385.0 4.53888894645081e+16 6.789243680387397e+16 6.735059375755462e+16 0.7289123158763776 0.8043533877077231 0.9711048239492958 0.9518652659698126
1.0 1.0 1.0 0.7853981633974483 16.0 0.0008057100202011186 4.2755559685028495e-09 61684533055666.0 4.322938273878138e+16 80929160501846.0 81983386149788.0 4.344714592164645e+16 6.401464690045947e+16 6.291427356922208e+16 0.6303998724193163 1.1959444495356806 1.2743893885480606 0.9333656198115454
1.0 1.0 1.0 0.7853981633974483 16.0 0.0007239459383978197 5.050456230057253e-10 66097131500856.0 4.567747010021754e+16 88091905020835.0 88019685709628.0 4.578797709629509e+16 6.8277200166640936e+16 6.812714494935137e+16 0.747037353623374 0.6211052052785928 0.8848993395324043 0.9532672881098664
1.0 1.0 1.0 0.7853981633974483 16.0 0.0007579371691213937 1.4066664925795685e-09 64298827173701.0 4.4747588279380744e+16 85045625633026.0 85787960693769.0 4.4818151423170376e+16 6.667840160047124e+16 6.604542291849546e+16 0.6668483513704696 0.5922092650293257 1.2186089954883497 0.9358648511323842
1.0 1.0 1.0 0.7853981633974483 16.0 0.0007035672055157288 4.879123653046973e-10 67037862319725.0 4.625966473610931e+16 89222517663135.0 88698847421480.0 4.618451888024114e+16 6.8434650783275016e+16 6.885385004553136e+16 0.6605535008103031 0.3376939760508311 1.2340614090130753 0.9335868043955374
1.0 1.0 1.0 0.7853981633974483 16.0 0.0007522310697687805 1.4058287201416944e-09 65104955970505.0 4.526973467219574e+16 86658940704703.0 85763164291816.0 4.5332457021061816e+16 6.674989991555945e+16 6.723099800644985e+16 0.6027566372887644 1.0427530089198442 1.5859563939877785 0.9131118901512643
1.0 1.0 1.0 0.7853981633974483 16.0 0.0007300942058537497 9.341215658949053e-10 66311526197667.0 4.579240847069033e+16 86673997607306.0 88802445746253.0 4.614812273953041e+16 6.898744086189257e+16 6.699752126094444e+16 0.7126298069515482 0.823334784335289 1.126346882771029 0.9317094415410165
1.0 1.0 1.0 0.7853981633974483 16.0 0.000728377693388921 5.556038414687345e-10 65601314754919.0 4.544711874583939e+16 87431641481588.0 87454859676375.0 4.537470341135285e+16 6.765986377221396e+16 6.7783334783663816e+16 0.6054479216247681 0.859366408541056 1.4755240762357773 0.9156991525319357
1.0 1.0 1.0 0.7853981633974483 16.0 0.0008697990056114983 3.877258208245806e-09 57752202358254.0 4.105357790744186e+16 78267191239862.0 76465218791168.0 4.047749403831986e+16 5.974855293309344e+16 6.1633296165291736e+16 0.26153856689476335 1.133589549731184 3.024107219078132 0.8262064614169404
1.0 1.0 1.0 0.7853981633974483 16.0 0.0008756424315641658 2.1104981318835476e-09 57633667333676.0 4.044794205215606e+16 76477570480632.0 79287965911585.0 4.086997181426004e+16 6.23979072094843e+16 6.007420903832989e+16 0.2643073440021484 0.26549421890273717 2.401749172452859 0.9180101316857983
1.0 1.0 1.0 0.7853981633974483 16.0 0.001060110401676524 1.2083622319240762e-08 52444961757395.0 3.801152957145438e+16 69851488280439.0 70902406466717.0 3.7981153819537064e+16 5.657539865065703e+16 5.598913654106449e+16 0.2505331600800626 0.8137963556940377 2.664504556128912 0.8702199468742228
1.0 1.0 1.0 0.7853981633974483 16.0 0.0009393594392978378 1.8388724191241174e-09 57070455180525.0 4.059136440127558e+16 76778167339010.0 77823355053163.0 4.073991643594512e+16 6.180752783126929e+16 6.100266664333624e+16 0.27055794117581883 1.17094521322092 2.8126916264646313 0.8075694345327301
1.0 1.0 1.0 0.7853981633974483 16.0 0.0011072602654202445 9.881210383578582e-09 50780935389603.0 3.703567513882163e+16 68433087283497.0 70124277570698.0 3.678475031430632e+16 5.6031760932025064e+16 5.554262324743922e+16 0.3111233093631507 1.3371183483015656 2.3104000928104766 0.8869292284593405
1.0 1.0 1.0 0.7853981633974483 16.0 0.0009666775424472143 4.417793800251723e-09 55488582880737.0 3.973595397013895e+16 74980373578900.0 75149698504520.0 3.976701468690132e+16 5.97664361368686e+16 5.963036052850574e+16 0.294649474851 0.42871952895894444 2.4659407687232 0.8926624936194877
1.0 1.0 1.0 0.7853981633974483 16.0 0.0009373714327235848 1.3520200311647e-09 58922225600583.0 4.208653097812457e+16 79238829698543.0 78656455831945.0 4.198766508618937e+16 6.2544860563917704e+16 6.289416069293769e+16 0.18780200010370604 0.7086292613636369 3.10013689638754 0.8563951983614696
1.0 1.0 1.0 0.7853981633974483 16.0 0.0009647886717765487 9.449773349152022e-09 55771428844685.0 3.9868640965224056e+16 72621200680957.0 75567380803601.0 4.0022602903706904e+16 5.973986462303824e+16 5.768886145677152e+16 0.2757204450566286 0.9315709387218974 2.7037654848539847 0.8625170171362547
0.7650446703190379 1.548403133198264 1.067370778616429 0.6528524906792338 19.248407249369613 0.0012082202316607065 2.76238703139484e-07 16390322752883.0 9032204536557830.0 20748377151758.0 20489618810559.0 9127938060832140.0 1.3375700470753688e+16 1.3380984065987728e+16 0.2539162209723547 2.080660434995114 3.2366395339566156 0.7683436870709365
1.0 1.0 1.0 0.7853981633974483 16.0 0.0009684556029250469 5.639579609723212e-09 53605135741106.0 3.802669023820983e+16 71509242609565.0 73494300561691.0 3.849865570136815e+16 5.84366764666717e+16 5.63383594712914e+16 0.2005723482641657 1.368396031891496 3.315695692443746 0.8072700187110826
1.0 1.0 1.0 0.7853981633974483 16.0 0.0009113499475053581 4.839922032138075e-09 58913256796138.0 4.1684073148366264e+16 76577928260514.0 79768266361343.0 4.221727387234384e+16 6.326093235921868e+16 6.0406559638531944e+16 0.2617214355526488 0.4375171829178889 2.537596383183895 0.9026778149785577
1.0 1.0 1.0 0.7853981633974483 16.0 0.0008692923597706044 1.8579298136019495e-09 57582029952505.0 4.0423143835155464e+16 76911690030456.0 78912250316739.0 4.067998912636666e+16 6.195143510754092e+16 6.043632805040138e+16 0.25215338371010043 1.2073004490469208 2.9758947791187387 0.8322257297485709
1.0 1.0 1.0 0.7853981633974483 16.0 0.0009930222461121063 8.170918187567017e-09 54520050136611.0 3.923799165916364e+16 73300772655593.0 72279932633967.0 3.8991009358150136e+16 5.733739107728444e+16 5.832673829089547e+16 0.2329492761221132 1.0480625305474107 2.651622672159793 0.8734352974602881
1.0 1.0 1.0 0.7853981633974483 16.0 0.0008823270690742844 1.923852096142504e-09 54590818392040.0 3.824409643369093e+16 73591340782664.0 75810254176400.0 3.848690398474209e+16 5.941379103343161e+16 5.782081684320816e+16 0.4677967483122711 0.8742401331867061 1.807600653905281 0.9170849863744681
1.0 1.0 1.0 0.7853981633974483 16.0 0.0007738760410955744 1.828412791820618e-09 62501417491531.0 4.3464391253482456e+16 82593806372229.0 83873241877893.0 4.366500829586917e+16 6.526976188765199e+16 6.414057727177695e+16 0.536479618690437 0.7084249755620724 1.7324000569671822 0.9045500551347783
1.0 1.0 1.0 0.7853981633974483 16.0 0.0008362455855378218 3.307667431817268e-09 56998387620197.0 3.971352803207005e+16 75405651939534.0 77761527330379.0 4.009520381075345e+16 6.069585037692627e+16 5.854313650837249e+16 0.4166164188727995 0.743755918560607 2.0808186024592263 0.8974257875419576
1.0 1.0 1.0 0.7853981633974483 16.0 0.0007932523951190255 7.535498779985901e-10 59974785081420.0 4.182841376384782e+16 81314963254470.0 81170280950959.0 4.15759448903421e+16 6.2968016778958744e+16 6.356697594498876e+16 0.48798070196713655 0.6250439119012711 1.864589569313894 0.8867989415566939
1.0 1.0 1.0 0.7853981633974483 16.0 0.0008852772029946459 5.345447265006238e-09 54417861158288.0 3.816326121534772e+16 72566547615337.0 73992975779719.0 3.850941069749782e+16 5.8033106066202424e+16 5.653460750166571e+16 0.4321638128337468 0.7715511974584561 1.9758004899997912 0.9091596946908527
1.0 1.0 1.0 0.7853981633974483 16.0 0.0008746150294678282 6.0102013617979135e-09 55187825228499.0 3.895675697718426e+16 74093180386929.0 73751454274871.0 3.880334916500328e+16 5.741323594184982e+16 5.794047599448024e+16 0.4303078258664717 0.7671199138563052 1.909833559695632 0.9050027657609829
1.0 1.0 1.0 0.7853981633974483 16.0 0.0008667172163011037 2.2656124994347043e-09 56566906029987.0 3.956154146485856e+16 75711153514536.0 77746761320382.0 4.000324751323227e+16 6.118831960068737e+16 5.919552264805285e+16 0.4219405703411028 0.8153666834677424 1.981368460524762 0.9113732485939064
1.0 1.0 1.0 0.7853981633974483 16.0 0.0007749128977929535 4.791929357599695e-10 62100887860905.0 4.298339898709608e+16 83018410173708.0 84681184391363.0 4.336149236599714e+16 6.615168894679873e+16 6.4527237175463704e+16 0.4812026926886828 0.455412237292278 1.8488128842512694 0.9214670428341791
0.6926781699197839 3.7717429199536334 0.9965624330690018 0.35799619049338105 35.101967417699406 0.002066722956745268 3.2090164974510274e-06 12638739795223.0 7368254759320371.0 17812086851393.0 15943501301473.0 7197502132108533.0 1.112370476010808e+16 1.2615446897530448e+16 0.5053521226926537 1.858235199780059 2.0965597718805746 0.8554618697484295
0.6961466584850977 3.7325308529985275 1.0107140990716006 0.37232634057809116 33.75095781525433 0.0020618141412633356 3.1871976316227845e-06 11076902186395.0 6402933394485653.0 14824394581240.0 13499213680485.0 6311995956894801.0 9237757192700344.0 1.0158936049229484e+16 0.5638811876028852 1.7350107679618785 1.8600994366466674 0.8716829956989526
0.9999880557538301 1.0 1.0007162830240341 0.7865143066653003 15.977294383415162 0.0008529542188689143 3.3785007441831283e-09 59214941927314.0 4.1612738599605016e+16 78533037568208.0 80021698144322.0 4.196957686432274e+16 6.300441990202881e+16 6.146387622739614e+16 0.44977661150323534 1.1518731289711637 2.110243163550984 0.8675842724976118
1.0 1.0 1.0 0.7853981633974483 16.0 0.0007565436656791216 1.5754259385810055e-09 62586787602639.0 4.358754698865716e+16 84011429806442.0 82710624918342.0 4.332254873550957e+16 6.38699552203167e+16 6.5178679362484504e+16 0.5396402201247271 0.753495769183774 1.5934645875946003 0.921965207164445
1.0 1.0 1.0 0.7853981633974483 16.0 0.000899435545674216 3.499569708437749e-09 54788426174866.0 3.862141905418954e+16 73238892184157.0 75771539948485.0 3.887835429912784e+16 5.954225552712867e+16 5.7652605223864904e+16 0.4628413504573413 0.9579438538611936 1.9320290410873764 0.914167013915621
1.0 1.0 1.0 0.7853981633974483 16.0 0.0009411655626294681 5.960211336612609e-09 54535892481646.0 3.897438806429746e+16 73482108081614.0 74151506560969.0 3.883429345612848e+16 5.84777590941699e+16 5.840896264367611e+16 0.47963101251742624 1.305686018450635 1.7915618838245881 0.9293445880615336
1.0 1.0 1.0 0.7853981633974483 16.0 0.0012209014113289138 4.3051576413064065e-10 45868549888682.0 3.2824368981722904e+16 62975639312846.0 66498311183561.0 3.3601424265868844e+16 5.3901049849831896e+16 5.09368742208211e+16 0.16724301581114936 1.9692969895527865 3.121835911345819 0.854448061069069
1.0 1.0 1.0 0.7853981633974483 16.0 0.0015586762052991233 1.6708467518087612e-10 38822738596986.0 2.858639605596365e+16 55661493709014.0 54991931074635.0 2.8530542343132468e+16 4.5253283404528216e+16 4.576351313659054e+16 0.140642502153456 0.7787517946603139 2.711448881703394 0.8834931060287258
1.0 1.0 1.0 0.7853981633974483 16.0 0.0016674491308506794 1.404843664019184e-11 37488405034735.0 2.806701295467027e+16 55292518311868.0 53658805261973.0 2.774107043054445e+16 4.457018090379338e+16 4.605373967632579e+16 0.15757595993355195 1.2171414879643223 2.9370225492121764 0.8686005291928618
1.0 1.0 1.0 0.7853981633974483 16.0 0.001252497480286627 3.40418006806595e-11 44514742677227.0 3.1957527433067544e+16 62290523654988.0 64170822439132.0 3.2322580290629468e+16 5.1967454645301544e+16 5.048491381611301e+16 0.11223026633142007 0.753375488758554 3.408676954357353 0.8509418565585847
1.0 1.0 1.0 0.7853981633974483 16.0 0.0010098131803148753 2.7327531031630917e-10 50553708080591.0 3.5415284608777652e+16 69600878907509.0 70994494000101.0 3.5894961594467732e+16 5.655636215798679e+16 5.496615830465669e+16 0.14683585858683548 1.2273624602883693 3.115244291823426 0.8425203301340425
1.0 1.0 1.0 0.7853981633974483 16.0 0.0011492704385936362 1.7570284685174135e-11 49378062849027.0 3.5339708593900684e+16 67684364601730.0 69697170494846.0 3.5797310608797524e+16 5.638083489907089e+16 5.4459973508995896e+16 0.12418228733336359 1.2709230663489743 3.5821793812596567 0.7720555822784503
1.0 1.0 1.0 0.7853981633974483 16.0 0.0013234110219666863 1.586624206734662e-11 43960130717311.0 3.218395170881985e+16 63445400767095.0 61566602959975.0 3.180303556849229e+16 5.013408058291858e+16 5.17954562395022e+16 0.12960482024179076 0.6217696114369504 3.1469796529598075 0.8622126346441737
1.0 1.0 1.0 0.7853981633974483 16.0 0.001502709358311166 1.2099100393751658e-11 40221450334705.0 2.963095783776785e+16 57801969167096.0 57787389767378.0 2.9635595396938812e+16 4.764459659709682e+16 4.764235366097211e+16 0.16551344529203776 0.6395634775171067 2.770817355108968 0.8807897808701871
1.0 1.0 1.0 0.7853981633974483 16.0 0.0012682515230779037 1.1290622694522893e-10 46008934868793.0 3.336245324597355e+16 64848472927609.0 64974888455076.0 3.3492649716041496e+16 5.297934579637807e+16 5.267212720792527e+16 0.12794479677821502 0.3750171829178889 3.047186819479703 0.9025765916054737
1.0 1.0 1.0 0.7853981633974483 16.0 0.0007656715162994793 1.936212373955974e-09 63758762183764.0 4.444791473277217e+16 84172342743038.0 84852639597620.0 4.448783834588766e+16 6.592182514492128e+16 6.5386385338437544e+16 0.5992005517358918 0.4866775109970675 1.292034137084188 0.9473555187393099
1.0 1.0 1.0 0.7853981633974483 16.0 0.0007667416151416182 4.026396701018682e-09 63754938693003.0 4.440872040386236e+16 82767894550542.0 84230918346369.0 4.464104367171755e+16 6.543685678984835e+16 6.401665711165342e+16 0.6125057332461809 0.982335960410558 1.5385256681612356 0.909350948682264
1.0 1.0 1.0 0.7853981633974483 16.0 0.0007389409809951956 1.2223362981595817e-09 64923024082323.0 4.509038344369127e+16 86011059340318.0 86225354553037.0 4.501129594563133e+16 6.6702522204161176e+16 6.665860547072713e+16 0.5965332554707463 0.49290727333822115 1.3539539984958984 0.9475966171165036
1.0 1.0 1.0 0.7853981633974483 16.0 0.0007836478068151875 1.9084599660308168e-09 63009099436366.0 4.4052738746268e+16 83470213902285.0 84188792908168.0 4.4089902937305e+16 6.556464565450515e+16 6.5088712917307336e+16 0.5950425022366574 0.5837667247067458 1.4450346244829009 0.926391566515669
1.0 1.0 1.0 0.7853981633974483 16.0 0.0008591582114698068 1.019938598947712e-08 60296903107977.0 4.2733119412269704e+16 78469945254335.0 78726284043372.0 4.282247627027947e+16 6.1734526194197544e+16 6.1396951445909816e+16 0.5307020108711319 0.863810102028348 1.5996923617459342 0.9247865333882305
1.0 1.0 1.0 0.7853981633974483 16.0 0.0007602507645758131 1.1904289199825766e-09 63722822656453.0 4.4306439970223944e+16 84398060091282.0 85521976175200.0 4.440353971219256e+16 6.6447602347327944e+16 6.557369567207971e+16 0.5981431372291123 0.9142515120967742 1.332877612343188 0.9416402172558099
1.0 1.0 1.0 0.7853981633974483 16.0 0.0009331712601779098 1.1780868467242563e-11 54300381115623.0 3.79152980728145e+16 74053726797389.0 75315277657783.0 3.8236150654292664e+16 5.949620409724553e+16 5.834772823952485e+16 0.14359519450194932 0.7849653286901274 2.778908095923114 0.8222720644797612
1.0 1.0 1.0 0.7853981633974483 16.0 0.0011260156918044505 7.682922457185099e-11 47769962191677.0 3.398364708068527e+16 66175836952989.0 66917030304620.0 3.4189368986388676e+16 5.365745461794877e+16 5.29401753716204e+16 0.12557433356023168 0.7656211815738031 2.9652046402997385 0.846091885498732
1.0 1.0 1.0 0.7853981633974483 16.0 0.0010506496624981653 5.370760519673439e-13 48805083443511.0 3.4236304741891084e+16 67305715772506.0 69052261868671.0 3.463360169593456e+16 5.4927005888074536e+16 5.341935132277902e+16 0.10858823414690003 1.4512138776881727 3.485267736345591 0.7676673729916805
1.0 1.0 1.0 0.7853981633974483 16.0 0.001006897923174666 2.3250681114899955e-11 50908898430320.0 3.5739310087004252e+16 69762686402918.0 71724464084178.0 3.610840444401684e+16 5.695771804433432e+16 5.530462075031337e+16 0.13368438158906557 0.8562553457966772 3.1422092440407936 0.8233398190247787
1.0 1.0 1.0 0.7853981633974483 16.0 0.0009295321652019097 2.5277239891474965e-11 55021068091743.0 3.881384035414587e+16 76194075990563.0 75553123720934.0 3.862588201164101e+16 5.966762794106856e+16 6.038383737374155e+16 0.17914578096430217 0.4119279997556208 2.656841577198271 0.8864133035304664
1.0 1.0 1.0 0.7853981633974483 16.0 0.0010485866387740326 9.682989850015374e-12 50721217723260.0 3.5758443846060204e+16 69558209374441.0 72176463159109.0 3.635785452772981e+16 5.7788730555299496e+16 5.551883931099289e+16 0.13068925639113474 0.5525090878543505 3.1921098048828633 0.8486709941570262
1.0 1.0 1.0 0.7853981633974483 16.0 0.0009401282143362789 1.87868255808276e-12 54128798088866.0 3.77087905869729e+16 73375141091656.0 76624955994184.0 3.844896592728932e+16 6.079654559808115e+16 5.796871492705479e+16 0.149556301788286 0.5072874663978494 3.105714663356522 0.8594952339520991
1.0 1.0 1.0 0.7853981633974483 16.0 0.0010761420375574875 2.908112793344516e-11 49790693432577.0 3.548711648219373e+16 69303469433188.0 69213422577274.0 3.5438866403725484e+16 5.529183902960604e+16 5.544543330988535e+16 0.13879834400313834 0.7890625000000017 2.9438157874946653 0.8745100386382682
1.0 1.0 1.0 0.7853981633974483 16.0 0.0009842739054020367 1.4779955256654314e-11 52473368188955.0 3.678094059888274e+16 71541840177052.0 73344066213708.0 3.7229489296729144e+16 5.8239142655449576e+16 5.657737048798298e+16 0.12651312546911436 1.039669629765396 3.1543902331730105 0.7943084584938884
1.0 1.0 1.0 0.7853981633974483 16.0 0.0006705514484273167 5.2730564389496665e-11 68949506918064.0 4.721968775442384e+16 91811042859246.0 91815877410732.0 4.721881980497066e+16 7.059991176453672e+16 7.06194050315379e+16 0.9121555804567951 1.3384022941104587 0.33831724679149433 0.9763989550152318
1.0 1.0 1.0 0.7853981633974483 16.0 0.0007095490056030659 4.773264956949162e-10 66655344839519.0 4.600151343923138e+16 88523061847726.0 88685520647259.0 4.600323036945362e+16 6.8486245678800856e+16 6.838433948772688e+16 0.6886619857586863 0.28809261974584566 1.141441740354677 0.942293119732636
1.0 1.0 1.0 0.7853981633974483 16.0 0.0006766889763157073 1.1786347828269016e-10 68616692205540.0 4.7038540704280056e+16 91172930544079.0 91310302839877.0 4.707363731731547e+16 7.026163301755508e+16 7.01595430703527e+16 0.8536857231507716 0.534995876099707 0.5974092879872163 0.9606799345469377
1.0 1.0 1.0 0.7853981633974483 16.0 0.0006918545117945693 3.777482223088956e-10 67672032319747.0 4.654055590948881e+16 89490440537272.0 90017391663097.0 4.657312125853178e+16 6.937721361985193e+16 6.892109583767782e+16 0.767764115482801 0.6181211052052791 0.879147275419214 0.9525520674614938
1.0 1.0 1.0 0.7853981633974483 16.0 0.0006798880548310724 2.0688973627014095e-10 68307384882794.0 4.691807164426453e+16 91018446734290.0 90387662993662.0 4.683954406854643e+16 6.948786265899144e+16 7.007213085900856e+16 0.8750250806150796 1.0362893679740963 0.522364152624205 0.9627980847669432
1.0 1.0 1.0 0.7853981633974483 16.0 0.000729151635668091 8.249335891609071e-10 65500222455506.0 4.540543834202154e+16 87151189549885.0 86994777856162.0 4.534371379221277e+16 6.726950087919552e+16 6.750168526598295e+16 0.7424019637788448 1.4063998732282519 1.0277646571746897 0.9403802044157467
1.0 1.0 1.0 0.7853981633974483 16.0 0.0006845782101557508 1.0596639919405032e-10 68152454556700.0 4.676346859900838e+16 90570820676410.0 91075305140068.0 4.683954717830167e+16 7.019791273927902e+16 6.977832923876367e+16 0.8641195521150262 0.8645069648093845 0.5348791790915615 0.9661260927381076
1.0 1.0 1.0 0.7853981633974483 16.0 0.0006935490116267591 2.3554987823251357e-10 67729700811049.0 4.666346007335119e+16 90510895847289.0 89647520649266.0 4.654669706787613e+16 6.9090192923688184e+16 6.986480892325595e+16 0.8333875298545966 1.1290017106549373 0.6490643783045557 0.9611580621290532
1.0 1.0 1.0 0.7853981633974483 16.0 0.0007023993157935038 1.625541690004223e-10 67053756923210.0 4.620683884702224e+16 89581343913219.0 89565809587020.0 4.617693160064127e+16 6.917121158431073e+16 6.9231925258146584e+16 0.8388502172041279 1.0974328720674489 0.6338728749186314 0.9647550797537786
1.0 1.0 1.0 0.7853981633974483 16.0 0.000685127981403748 1.899245511293143e-10 68052872934729.0 4.675984424399682e+16 90543155962964.0 90444278529866.0 4.673395956906657e+16 6.965315485863741e+16 6.9736282303155896e+16 0.8633737358330432 1.043589244257087 0.5718184303629483 0.9603229917369365
1.0 1.0 1.0 0.7853981633974483 16.0 0.0006841906886013783 1.3177234582858881e-10 68148947589937.0 4.6793603560893096e+16 90619851976786.0 90860479194888.0 4.680493571586015e+16 7.001469634722328e+16 6.978980303077035e+16 0.8514956663729744 0.6307142748044968 0.5769171961988422 0.9644118754958076
