0.5836377202195046 0.9037928427419359 1.4424733005502979 0.9311167215095263
0.6060457184205491 0.3840382148093841 1.3339726111016204 0.9441557902853238
0.45367877566560366 0.8057852975317699 1.9993781203559613 0.9155550594540759
0.45294310428349005 0.9723345475928649 1.9226179132209602 0.916442497391554
0.4829448913830746 0.7674196603128053 1.9463835942466443 0.9163756834165688
0.4577565744437604 0.5423692570869992 1.8518386313773392 0.9339667212455837
0.573396794951675 1.9720300281036187 1.6905181508399545 0.8863829646823383
0.47791281575618805 1.543248449718964 1.9443666981035925 0.8757204405777017
0.40531592200225136 0.6237112811583582 2.1712854424793617 0.8954663861379148
0.5903478979096278 0.5875336021505382 1.518095520233999 0.9087023599759209
0.553181807181433 0.5262087228128056 1.6713527165270106 0.9026171779811681
0.5028566505615835 1.161903179985337 1.866025474293632 0.8821105221512214
0.3063870477480058 0.693220957050342 2.46979997545821 0.8799791197181777
0.3512015993785541 1.2784635034824037 2.2401369379581113 0.9008311336402326
0.45491007009974793 1.1127027584310845 1.6540654662323617 0.9117644468319543
0.38278533315326724 1.3589339717741957 2.405336214968037 0.853697199191383
0.46951476053148006 0.8643990942693071 1.913285891006021 0.8970837907605103
0.5548531925435661 0.6602077987536658 1.4323221745074162 0.9351340491791545
0.48073458652364665 1.1355846774193563 2.057168916731363 0.8700645703040594
0.4716007075573371 1.319768374266863 1.932101776442675 0.9049719168783767
0.12338585777298497 1.1690474554007835 3.2815646540002246 0.7866417389698918
0.1245512359811718 0.4651568609481916 2.891265241009667 0.8579630104123313
0.09618328702582629 2.495183055351904 3.9935594710371576 0.6975498583180184
0.16115001020421504 0.8900426900048888 2.9933922583458576 0.8358869016602705
0.10880104759273618 2.240900690371458 3.9383601515838818 0.7163986754269877
0.6668483513704696 0.5922092650293257 1.2186089954883497 0.9358648511323842
0.6605535008103031 0.3376939760508311 1.2340614090130753 0.9335868043955374
0.12891396438173572 1.8016403958944291 3.677372106311236 0.7706692008160825
0.2585590264193239 1.1650228341886606 3.062624403363111 0.811749385577335
0.24355215251855672 0.4976096652003911 2.569495703634732 0.8943077920786201
0.3130118313627353 0.38862796309872943 2.423074978678708 0.9003439936082493
0.20559611305154313 0.6880632178641258 2.721020302331648 0.859753957487968
0.26621985503854145 0.7439697504276636 2.632929939883556 0.8712452839302158
0.3061717002396547 0.7038581378299124 2.489470066752637 0.8769571211700389
0.1575124215522878 1.0336995204056698 3.1433100312213282 0.7991765931402695
0.5080762239744108 0.803074214931574 1.7642578828702928 0.91641147492387
0.4770077872455303 0.7832155348851421 1.9051262092152388 0.8973761242966982
0.4717739187611039 0.834259301686218 1.8759352866122903 0.9072380325555437
0.47128839352343244 1.5197202620967758 2.2027442991940065 0.8674759002258355
0.47947014354948947 1.0876004246089932 1.8081038873105273 0.9297123772362
0.44423579769355215 0.36909862231182816 1.8789385822116205 0.9178278753785007
0.47275677431472535 1.0607778897849456 1.6156112614589582 0.9345929637255399
0.43318067524146586 0.8385244837487774 2.0497890251044213 0.8991486937928449
0.12123779202270216 0.6370471346529816 3.1584039502638097 0.8783323968492698
0.17862421057934244 1.1203300647605086 3.127490477152129 0.8631654260840652
0.11243338104244038 0.9496674150782026 3.294172494341183 0.8397575501623684
0.1270265842390354 1.9207409274193556 3.6381869406606286 0.7852663251104355
0.10774535729592129 0.7923597110215057 3.3671437889550933 0.8289519065470135
0.5377369045175922 0.5929939516129036 1.5457598668167085 0.9386556949615329
0.575838931100896 1.369434643817205 1.3492224683267642 0.9458340935251829
0.5401892316333893 0.5965517702223856 1.6748166030821785 0.9220113015249563
0.1242439176351534 0.8105506934261981 3.2059124570412747 0.8140169998259271
0.11880818358812958 1.0079337350317705 3.1925452990605856 0.8074251546343896
0.15416796200645827 0.804665544049365 2.9335139039303106 0.8415782536955205
0.15256492162236754 0.5726875610948192 2.6812297602567137 0.8780371779425692
0.18368829737464779 0.3538650109970673 2.4815925382662427 0.9180709505915507
0.10669591255714447 1.3267446389296205 3.6994182941305382 0.7596943534764535
0.807688927094552 1.3949503222751711 0.8375742041043387 0.9425974172500746
0.8389757223002579 0.7499751802297168 0.6679595860728831 0.9603429828722001
0.9442740251444306 0.47213503482404723 0.24458702936267243 0.9793866667510258
0.89589785176573 1.3844887891006834 0.4141428813734523 0.9727170022650011
0.8753614944310586 0.3791964503910068 0.5065423215691695 0.9684796775616066
0.8402535467030391 0.8083245509530798 0.5835215083313862 0.9638839411322939
0.7022020652807892 0.7928274682306952 1.2067686102891053 0.9285185088892197
0.6735332583592943 0.5648292399804499 1.174312329168156 0.9358173153068328
0.5617759551812992 0.9285667919110459 1.5088514620114521 0.9270788801786112
0.5671929927012813 0.8925284854594339 1.575369538915205 0.9353535440294174
0.5821046819901303 0.503075742302053 1.5431074724863787 0.9172183224906261
0.5726148724178588 1.0027492668621711 1.566126631726085 0.9275791438636573
0.4989431689270713 0.4743859970674488 1.69095424157523 0.9372246303862868
0.29932764228890657 0.5266755254154452 2.540963621739537 0.8996350963398201
0.5028753741862588 0.4820553060850442 1.765104025017536 0.932449758137014
0.5410740333370112 1.814813011669114 1.9983909567737983 0.864724676156432
0.47660296589074924 0.41261818029081143 1.8190928151849686 0.9346799600610456
0.5248197763999488 0.7157678091397848 1.507205217634221 0.9492784807100527
0.29329760714473113 0.38804565310361694 2.534820373516854 0.9031557617825434
0.5814229883342957 0.6270199474584565 1.400596184609604 0.940806486296604
0.4642920570029682 2.052469948985822 2.215811298865926 0.8217748404901788
0.5186074490203989 0.7185896260997071 1.8147571092139065 0.9064322077344935
0.617899566921017 0.5841562041788859 1.4004200953073287 0.9268650059892022
0.3287229315932034 2.3474424181329434 2.890310828188484 0.7885678006505145
0.4952086494769856 0.7836155150293252 1.8267577065966663 0.9093108814074582
0.5706177389999479 1.6189792964931595 1.729111948989277 0.8751598205236167
0.424303114140776 3.415448588709681 2.5667661370837704 0.812765366501921
0.4674618716217735 0.43740263013196506 1.831694413679872 0.9280262900138045
0.6746458341308946 1.2822542460899322 1.1939636700124623 0.9337116309153422
0.5012788430354184 0.3421185774071361 1.6647402929550776 0.9382551521719412
0.5402998344890357 1.2924188966275671 1.6059187931023717 0.9024465301782822
0.37026337544095766 0.5884519336510265 2.2423780271238343 0.9101934857915288
0.35330889372630164 1.0455595521749763 2.5994656804451024 0.8571333075975502
0.353850623392918 0.7452766067937442 2.2694355628989564 0.8862955470721464
0.29162149633656187 0.5656330186950153 2.311740720990851 0.9105186006933595
0.5389896718890562 0.7245979197214074 1.590625203793747 0.9247679256722766
0.42327571638705075 1.9468102776759517 2.1178406573034296 0.8717152364363823
0.3314805670714567 2.2308773216031317 2.7122854964413023 0.8187995818812324
0.4945549125234448 1.7115541758308894 1.883673959792238 0.8875341578588358
0.45290553414524026 1.9350313874633425 2.272552109295386 0.8240799888059108
0.5299598882200632 1.15818976050831 1.7916918973487286 0.8997237864871797
0.4720590357960529 1.0212199489858267 1.8567666410029555 0.8986398544604588
0.4063442017066763 1.2386449550953096 2.38140149890065 0.8479523517870615
0.12771621987996118 0.8897964015151527 3.4126362995147352 0.8229041893504285
0.10770874762553348 1.0652129918132949 3.405605350579445 0.7831517656334213
0.12817417152389995 1.2415612781036178 3.4651709908386343 0.7563993697922649
0.12142653788176262 0.7446561125366576 3.3199924710050457 0.8073621448235504
0.12007961025928365 1.1572590191226815 3.1561457703549687 0.8258877926769697
0.1235972480153057 0.7462493508675466 3.2335401461365905 0.8363528002385912
0.12340289165206576 0.6392093184872922 3.1964216973275468 0.8209925205072041
0.10917843486066978 0.8126050067204311 3.4913791608481883 0.806921718483793
0.13103903877402057 0.9767820595063548 3.223075273406842 0.8280501843675381
0.7289123158763776 0.8043533877077231 0.9711048239492958 0.9518652659698126
0.6303998724193163 1.1959444495356806 1.2743893885480606 0.9333656198115454
0.747037353623374 0.6211052052785928 0.8848993395324043 0.9532672881098664
0.6668483513704696 0.5922092650293257 1.2186089954883497 0.9358648511323842
0.6605535008103031 0.3376939760508311 1.2340614090130753 0.9335868043955374
0.6027566372887644 1.0427530089198442 1.5859563939877785 0.9131118901512643
0.7126298069515482 0.823334784335289 1.126346882771029 0.9317094415410165
0.6054479216247681 0.859366408541056 1.4755240762357773 0.9156991525319357
0.26153856689476335 1.133589549731184 3.024107219078132 0.8262064614169404
0.2643073440021484 0.26549421890273717 2.401749172452859 0.9180101316857983
0.2505331600800626 0.8137963556940377 2.664504556128912 0.8702199468742228
0.27055794117581883 1.17094521322092 2.8126916264646313 0.8075694345327301
0.3111233093631507 1.3371183483015656 2.3104000928104766 0.8869292284593405
0.294649474851 0.42871952895894444 2.4659407687232 0.8926624936194877
0.18780200010370604 0.7086292613636369 3.10013689638754 0.8563951983614696
0.2757204450566286 0.9315709387218974 2.7037654848539847 0.8625170171362547
0.2539162209723547 2.080660434995114 3.2366395339566156 0.7683436870709365
0.2005723482641657 1.368396031891496 3.315695692443746 0.8072700187110826
0.2617214355526488 0.4375171829178889 2.537596383183895 0.9026778149785577
0.25215338371010043 1.2073004490469208 2.9758947791187387 0.8322257297485709
0.2329492761221132 1.0480625305474107 2.651622672159793 0.8734352974602881
0.4677967483122711 0.8742401331867061 1.807600653905281 0.9170849863744681
0.536479618690437 0.7084249755620724 1.7324000569671822 0.9045500551347783
0.4166164188727995 0.743755918560607 2.0808186024592263 0.8974257875419576
0.48798070196713655 0.6250439119012711 1.864589569313894 0.8867989415566939
0.4321638128337468 0.7715511974584561 1.9758004899997912 0.9091596946908527
0.4303078258664717 0.7671199138563052 1.909833559695632 0.9050027657609829
0.4219405703411028 0.8153666834677424 1.981368460524762 0.9113732485939064
0.4812026926886828 0.455412237292278 1.8488128842512694 0.9214670428341791
0.5053521226926537 1.858235199780059 2.0965597718805746 0.8554618697484295
0.5638811876028852 1.7350107679618785 1.8600994366466674 0.8716829956989526
0.44977661150323534 1.1518731289711637 2.110243163550984 0.8675842724976118
0.5396402201247271 0.753495769183774 1.5934645875946003 0.921965207164445
0.4628413504573413 0.9579438538611936 1.9320290410873764 0.914167013915621
0.47963101251742624 1.305686018450635 1.7915618838245881 0.9293445880615336
0.16724301581114936 1.9692969895527865 3.121835911345819 0.854448061069069
0.140642502153456 0.7787517946603139 2.711448881703394 0.8834931060287258
0.15757595993355195 1.2171414879643223 2.9370225492121764 0.8686005291928618
0.11223026633142007 0.753375488758554 3.408676954357353 0.8509418565585847
0.14683585858683548 1.2273624602883693 3.115244291823426 0.8425203301340425
0.12418228733336359 1.2709230663489743 3.5821793812596567 0.7720555822784503
0.12960482024179076 0.6217696114369504 3.1469796529598075 0.8622126346441737
0.16551344529203776 0.6395634775171067 2.770817355108968 0.8807897808701871
0.12794479677821502 0.3750171829178889 3.047186819479703 0.9025765916054737
0.5992005517358918 0.4866775109970675 1.292034137084188 0.9473555187393099
0.6125057332461809 0.982335960410558 1.5385256681612356 0.909350948682264
0.5965332554707463 0.49290727333822115 1.3539539984958984 0.9475966171165036
0.5950425022366574 0.5837667247067458 1.4450346244829009 0.926391566515669
0.5307020108711319 0.863810102028348 1.5996923617459342 0.9247865333882305
0.5981431372291123 0.9142515120967742 1.332877612343188 0.9416402172558099
0.14359519450194932 0.7849653286901274 2.778908095923114 0.8222720644797612
0.12557433356023168 0.7656211815738031 2.9652046402997385 0.846091885498732
0.10858823414690003 1.4512138776881727 3.485267736345591 0.7676673729916805
0.13368438158906557 0.8562553457966772 3.1422092440407936 0.8233398190247787
0.17914578096430217 0.4119279997556208 2.656841577198271 0.8864133035304664
0.13068925639113474 0.5525090878543505 3.1921098048828633 0.8486709941570262
0.149556301788286 0.5072874663978494 3.105714663356522 0.8594952339520991
0.13879834400313834 0.7890625000000017 2.9438157874946653 0.8745100386382682
0.12651312546911436 1.039669629765396 3.1543902331730105 0.7943084584938884
0.9121555804567951 1.3384022941104587 0.33831724679149433 0.9763989550152318
0.6886619857586863 0.28809261974584566 1.141441740354677 0.942293119732636
0.8536857231507716 0.534995876099707 0.5974092879872163 0.9606799345469377
0.767764115482801 0.6181211052052791 0.879147275419214 0.9525520674614938
0.8750250806150796 1.0362893679740963 0.522364152624205 0.9627980847669432
0.7424019637788448 1.4063998732282519 1.0277646571746897 0.9403802044157467
0.8641195521150262 0.8645069648093845 0.5348791790915615 0.9661260927381076
0.8333875298545966 1.1290017106549373 0.6490643783045557 0.9611580621290532
0.8388502172041279 1.0974328720674489 0.6338728749186314 0.9647550797537786
0.8633737358330432 1.043589244257087 0.5718184303629483 0.9603229917369365
0.8514956663729744 0.6307142748044968 0.5769171961988422 0.9644118754958076
