143.91682 -137.297 -2.3913045 -2.0842216 19.789719 -1.80713 -0.049007323 -1.1736016 5.7335753 1.5555577 0.10135495 -0.19790815 1.7113956 1.2101122 -0.021695908 -0.07498772 0.5461476 0.116497934 -0.58224255 -6.554459 0.13854039 -0.79336137 4.69135 -12.824494 -0.83822244 0.6411433 21.017553 -31.75852 0.22951554 -2.3670924 192.23901 -267.37802
161.46437 -122.18919 4.3920364 2.325314 4.6395197 -16.952616 2.7810829 -0.9514687 -0.22570509 -7.8554583 1.0851407 1.7392323 1.7470597 -2.2925894 -0.5452533 0.39031887 -1.6392899 0.14088216 3.6583436 -4.2414103 -3.972802 -0.1918241 6.6371417 -9.58787 -6.033719 -3.7309692 16.098324 -29.185968 1.9222013 -6.430773 222.40904 -232.0651
127.05388 -90.407684 1.4913626 -6.4201155 14.682455 -1.559726 0.2995439 -3.4078095 6.1295247 0.98786384 0.8148405 -1.0702837 1.1654034 0.7892154 -0.18706495 0.33323696 1.7122246 -1.0627097 -4.0803876 -5.1345725 2.266247 -1.1321963 -2.454566 -13.313866 7.2534885 -0.42811885 5.7455707 -34.398376 13.03383 2.8962138 182.20784 -267.59448
22.019075 -167.44283 25.917393 2.6839273 15.9172325 -5.979137 -22.46636 29.460905 30.939966 0.079991795 16.668793 3.3337033 -5.3146167 -14.512321 9.023855 2.981637 -4.7099047 -6.1063323 21.346052 2.624394 1.6561735 -14.284249 3.8122637 -53.845478 -12.885122 17.452572 -10.485348 -37.533257 1.7205104 -79.58509 291.62268 -71.33539
69.53347 -110.232635 42.88197 -2.8801584 5.1314044 -9.161215 10.5360155 -7.897197 2.2331445 4.0705442 4.151515 -4.8763947 6.729198 1.3149836 -1.7214622 -8.496693 11.482409 1.1214967 -4.141844 -10.493551 9.455098 -5.7628946 -6.3956046 -2.8551621 13.460028 -19.647078 14.118056 -9.365697 -6.5081644 -75.90058 250.8402 -151.11128
104.10533 -104.697815 8.03433 -13.229071 -2.0563405 3.931818 -0.66090995 -6.7227936 1.2933725 -2.1028197 1.4105235 3.1337569 -2.1671956 -6.205128 3.8690526 1.599511 -2.3626854 -8.931834 3.2542787 2.8054566 -2.672838 -5.354074 -5.8312707 -3.6073456 10.629112 -6.9158735 -24.863228 -16.490501 34.62033 -27.679026 183.27379 -274.6441
5.85051e-08 1.8068565e-07 2.5752001e-08 2.3322342e-07 -46.06771 -46.067707 3.609605e-08 1.0051921e-08 1.3853757e-07 1.5908182e-07 -3.7410473e-08 5.1568993e-08 -8.461698 -8.461689 1.1784444e-07 4.927347e-07 -1.1784444e-07 4.927348e-07 -1.2588981e-07 2.7072646e-08 -2.9094518e-09 5.1568964e-08 -16.584595 -16.584593 -3.6096072e-08 1.00519255e-08 -3.3130323e-08 1.470373e-07 -4.9040974e-08 2.3322323e-07 -414.60666 -414.60666
5.85051e-08 1.8068565e-07 2.5752001e-08 2.3322342e-07 -46.06771 -46.067707 3.609605e-08 1.0051921e-08 1.3853757e-07 1.5908182e-07 -3.7410473e-08 5.1568993e-08 -8.461698 -8.461689 1.1784444e-07 4.927347e-07 -1.1784444e-07 4.927348e-07 -1.2588981e-07 2.7072646e-08 -2.9094518e-09 5.1568964e-08 -16.584595 -16.584593 -3.6096072e-08 1.00519255e-08 -3.3130323e-08 1.470373e-07 -4.9040974e-08 2.3322323e-07 -414.60666 -414.60666
118.06941 -0.5515714 9.751421 -16.176743 7.2722235 -8.850373 -7.852365 -12.70309 -6.77018 1.9499952 7.5877852 -3.1025789 -4.447108 -6.5810523 -3.063495 -2.277418 -1.5790088 -2.364032 -3.4829996 0.4033287 -3.9272845 -2.5819955 4.623739 -14.145891 -9.172914 -22.28384 -4.5506625 -4.688339 82.3845 -45.477707 49.416935 -294.64398
162.88223 -115.56891 -9.386784 -7.6718717 0.9964722 -1.4238907 -3.8818243 0.3986712 -6.335233 -0.28362978 -1.85975 2.4340196 -5.312684 -0.91370094 -0.72689605 1.6639967 -1.307626 0.5378978 -6.0059114 -3.3526154 -1.5799344 1.959881 -4.004104 -11.218096 0.019478558 4.7204695 9.610085 -36.1635 6.878906 10.498474 202.98553 -251.76706
143.03221 -100.32805 14.907798 15.051204 -2.5576982 1.7734262 -3.8002741 1.99451 -4.3487787 -2.0981913 -0.899606 -7.545783 -1.7403271 -1.6408979 -2.7796557 -2.992835 -2.5438948 -5.8617735 1.5852695 -0.20552297 -3.9677906 -10.6156845 8.967905 -0.12906556 -16.418356 -13.513377 22.07756 -18.103317 -37.917034 -37.04299 217.52199 -204.6015
150.159 -127.31091 -2.930081 -2.7943172 18.559336 -12.691032 -1.4411453 0.2217952 3.7587767 -2.564728 -0.65617144 -0.86580545 2.7442775 -0.8370672 -1.0188911 0.738699 -1.4202808 0.7879669 0.57276124 -6.396717 0.048045933 1.7565521 4.1440616 -10.974663 -1.3484336 1.1463629 17.403185 -28.164986 2.142215 4.131848 241.80865 -258.5862
144.99509 -46.880478 -1.5532056 -4.5598664 6.747329 5.2970405 -0.33718568 -0.72898364 2.066707 1.2505826 0.9321589 -1.039191 -0.9802036 -0.0009983184 0.39499444 -1.1408926 2.4107437 0.98572755 -0.66397566 0.1646955 1.2386184 1.8843155 -1.2529303 -1.6981535 0.32594422 5.215888 -13.242603 -26.903458 2.2453542 8.662077 152.63513 -337.473
82.90047 -71.51258 44.652847 24.470879 0.19393459 -26.683556 -15.905086 9.648695 7.4794564 14.068487 10.100857 -5.0891623 -3.77574 -4.2092586 -0.5189676 2.3976579 -3.0894878 -1.7303387 1.9909017 6.084827 6.1136312 -16.142904 -10.6965475 -10.948549 -20.150736 -6.1005073 50.28963 -14.18372 -52.997433 -97.0938 273.75983 -203.38892
89.27331 -95.379616 -2.0505972 -1.5229546 19.42681 -14.694372 -0.13753487 -1.0941538 9.41961 -5.460694 0.4179822 -0.8090491 4.947883 -2.4493506 0.63781273 0.090529226 0.80163944 0.07772852 1.2347418 -4.7531347 0.6073795 0.2214427 1.704686 -6.21406 0.42848256 1.8911424 9.132811 -15.570901 -1.5761918 -1.4501526 203.94339 -286.78885
162.56964 -61.977463 0.339184 -9.647735 13.237647 4.3448133 6.0479045 -4.3178973 4.0685983 4.045393 4.936713 0.8482325 1.166316 2.0507357 1.9575638 1.9542148 3.7544978 -1.8456364 5.2713428 0.4836527 4.9043527 -0.07704627 2.0087237 2.7514923 10.357945 1.8906424 -5.953805 -7.7173595 18.87659 17.922016 117.73632 -357.47107
150.36774 -112.509964 -1.1555963 0.41678187 19.17822 -7.898769 0.024412844 -0.07442611 8.306659 -1.4143916 -0.07812639 -0.4412446 2.4277697 0.38374165 0.026209706 -0.43956712 0.3979106 -0.02675546 -0.31776655 -7.645103 0.15237303 0.06466565 1.7068108 -10.734369 0.033871215 0.66522807 11.613959 -27.731157 1.2912725 -0.035648264 211.52585 -268.20987
158.90833 -121.97368 0.47798502 -0.60757536 20.213398 -9.643266 -0.6604245 -0.6151858 7.9423227 -1.9173335 -0.7978548 -0.48497847 3.1857243 -0.21523014 -0.10428642 -0.27005613 -0.7552248 -0.38569665 0.75410545 -5.9325004 -0.8416071 -0.38353977 3.3988557 -9.658745 -1.8725483 0.4464216 15.9853115 -25.84175 -6.501035 -3.33953 222.60771 -256.37537
5.85051e-08 1.8068565e-07 2.5752001e-08 2.3322342e-07 -46.06771 -46.067707 3.609605e-08 1.0051921e-08 1.3853757e-07 1.5908182e-07 -3.7410473e-08 5.1568993e-08 -8.461698 -8.461689 1.1784444e-07 4.927347e-07 -1.1784444e-07 4.927348e-07 -1.2588981e-07 2.7072646e-08 -2.9094518e-09 5.1568964e-08 -16.584595 -16.584593 -3.6096072e-08 1.00519255e-08 -3.3130323e-08 1.470373e-07 -4.9040974e-08 2.3322323e-07 -414.60666 -414.60666
150.78142 -120.219826 -0.11779855 0.97350264 17.069515 -8.481868 -0.14531273 -0.9014628 6.0987244 -1.6091459 -0.0037124236 0.017769467 2.9015458 -0.21847758 -0.024688855 -0.22249052 0.14961612 -0.03798428 0.38042873 -6.1704764 0.4763627 -0.05354758 3.5452638 -11.939543 -0.02437748 0.075056255 16.289162 -29.51436 3.5247908 2.6245453 212.8157 -254.59485
0.1595302 24.894043 -18.97377 14.911777 3.7634132 -2.659687 6.2799635 -3.5332975 -2.5431428 -2.00588 -1.9408821 -0.20361343 -0.87519175 2.187358 -0.5698679 1.1974696 1.1338421 -5.1642776 -1.4200871 1.8694947 -4.0695143 5.2038803 11.831981 -0.2724653 3.2290769 0.15122202 -42.0261 -38.548176 73.76768 100.71012 -50.383633 -404.37085
-1.0755079 -6.3328843 -8.408015 -3.2089567 -2.0266242 -2.8597708 -6.5659685 -2.8767614 -4.8428254 1.9334269 -1.090636 0.16673505 -4.6433663 1.6995728 0.38109794 4.048622 -0.8691738 -0.1541019 -1.5674613 -4.600507 -8.596477 -0.6878456 -2.046309 5.4877853 -6.0988693 -1.7862527 -6.8903294 10.298098 -38.048405 -2.3074903 110.73594 -451.84082
-11.8758545 -45.263905 -15.654209 -23.397982 1.4221246 -15.376151 7.0715003 -20.362959 4.5878696 -16.415646 7.234259 -6.0224857 8.8323555 -4.9494796 3.646864 -5.0322695 6.5430365 -5.679896 2.45859 -0.2304181 10.274754 7.9948616 35.54496 -2.0853245 41.753605 -31.297009 32.042282 -91.04261 -87.28964 -123.977615 -299.5108 123.17701
14.15914 -8.464958 4.356795 -0.50255346 7.157335 1.421701 4.699682 1.4854854 2.5168216 3.9344018 0.5904797 2.3868468 0.05354646 2.851761 -1.047369 2.3062632 -1.6745833 -1.2290074 0.96187615 -3.8335085 3.4425578 -2.3961115 5.251263 -2.7467756 3.555834 -4.125643 10.102704 2.2105315 30.79532 4.5929394 -49.35944 -432.50858
-28.534138 -14.274971 -4.264075 9.961347 12.360237 -6.0939593 -5.568356 -3.3050086 3.5328002 9.0762005 2.9802 -6.0763335 -6.897225 -2.2056515 2.6430542 0.8303327 3.0476592 -14.032948 -8.407323 -1.2921746 13.047247 9.36761 0.938074 -19.264435 -13.231087 23.692043 56.2644 39.84455 76.52033 -116.61128 -174.3087 -314.2189
163.6605 -128.4292 -8.5586605 -11.303686 25.942606 -8.250515 7.278293 -3.3051164 5.6375813 4.54942 -0.71218324 -4.0340505 1.6367568 -0.76679665 3.7947147 -2.0684562 4.789555 -3.2254765 1.6254257 -4.923705 6.519899 1.5836974 -1.9250854 -8.412485 6.616399 -3.531452 24.297956 -25.368185 15.013275 12.225403 196.93236 -231.14012
150.25026 -153.72377 2.1712246 -0.53429866 13.038044 -16.281109 10.421032 14.780212 7.969796 -8.507564 -5.818726 3.3323848 5.7921743 1.678622 0.015179619 2.8231564 -0.06923413 -6.1923966 0.93030185 -5.7629056 -1.1354582 2.545232 11.847105 -7.9496593 -16.544088 -12.229307 36.210144 -17.137407 0.20741358 -13.279444 212.74292 -212.99864
-83.60928 -86.05562 -38.83147 -29.906301 12.801318 -13.529066 43.329628 -35.02895 12.327421 -46.393044 2.4187565 -6.982446 21.286955 4.6213145 22.341795 -5.3419123 -3.351322 -5.201217 1.4381311 13.898161 47.844135 0.59025246 50.393394 -73.12109 1.6821228 -93.73392 -25.644516 -89.17942 -77.91858 -37.802643 -149.34839 213.80531
106.26626 10.166074 -2.1050954 7.136302 -5.921341 12.37199 -3.0151925 4.1158705 -3.234005 -3.058014 -2.0554903 -1.539263 5.9771123 -1.8643372 0.33747214 -3.1192772 -1.1828519 0.17881402 -9.304957 -6.700505 -0.12296314 -2.616713 10.340585 -22.70699 -5.049716 -2.9204366 11.268382 9.205252 -21.144135 23.56436 115.896576 -354.92285
101.01533 -11.004166 -7.237171 -2.6216097 -0.3630406 -1.6640089 0.48944718 -0.6720024 -0.15605468 0.80495924 -0.107455924 1.1229556 -1.5473329 0.52746665 -0.7254218 0.17510079 -0.7228538 0.58462256 -0.8626836 1.7468116 -0.85066205 -1.0738037 -3.6701934 -0.11924804 8.810735 -0.39285347 -16.823044 -9.395218 5.8473706 20.418564 98.91088 -399.19214
82.336426 -21.619013 -17.4919 1.9542779 6.43487 -0.9954489 3.967067 -0.8456625 2.641953 -0.58620274 -6.0231433 6.0322666 5.7422724 -3.034389 3.1469953 5.2206793 -2.2152436 -7.276802 -0.0321308 0.16224682 -8.44329 -6.889735 3.8199193 -2.6029596 -15.409362 -24.423891 28.099205 -18.90721 -28.499756 -22.329008 182.9171 -278.09644
58.052082 10.463405 5.102464 -0.9622531 -1.9966172 4.15934 -0.15833993 2.1341407 -1.9404678 0.4534106 -0.097518876 -0.22566053 0.16818008 -0.13655871 0.046216287 -0.17288998 -0.98404706 0.64081943 0.04349182 -0.5858797 -1.839339 -0.6326733 0.23533052 0.48977223 1.4245952 -3.1786497 -12.309407 -3.039694 3.215444 6.8838706 85.72657 -408.13745
34.911594 -87.7801 -36.45256 42.475822 14.499521 21.319397 24.946936 23.478172 9.714201 -11.762857 5.2551937 -7.7489614 -3.975568 -10.909384 -3.9153578 5.528991 -0.60327286 6.5102773 -8.780655 0.3344452 18.846758 3.3608027 -5.341727 -8.206168 -0.2541241 -48.822567 -33.67173 -52.134148 -70.241394 -29.012665 270.63806 -251.42146
66.55886 -13.323586 18.178053 -15.5556 7.2052016 -0.1379612 1.8123748 5.108853 -1.6649405 0.92506146 -1.0691881 -0.18288971 0.5809265 0.7615592 1.0557929 1.4590384 -3.0609841 -0.91871524 -0.65423965 -0.39024836 0.47010815 -2.0253935 -8.678493 -4.413522 -21.020418 -7.6253743 2.2298758 -17.934658 76.28002 -82.12412 93.13654 -326.2955
44.97236 39.96089 11.634207 -26.174915 15.628357 8.759772 -5.012942 3.5348072 9.674644 -3.330373 1.743533 9.390297 -4.1092534 0.8239735 4.5677385 2.1302493 -5.864636 -3.8536997 3.6787248 -4.3627143 -2.1692548 1.9034348 1.8242711 -19.185223 17.535995 -2.2037003 -4.301922 17.921062 112.101616 -45.23751 -170.19566 -371.6715
158.6592 -129.8931 11.588168 -24.659678 -5.219009 -12.545652 21.253685 -6.8651314 -11.45546 -1.4468789 13.650787 -4.0148716 -5.669319 0.3255597 4.922085 -2.656768 3.30536 -4.3877034 -3.611464 2.0960152 12.828448 -12.989288 -12.691065 4.3891106 27.697449 -19.017675 -18.863161 -8.133893 37.418102 -44.41544 207.39867 -263.7059
142.80965 -74.50544 -2.9022982 -41.73489 8.7661295 1.148274 6.6265326 -11.428485 -1.1169696 -1.1626444 3.270775 -1.3614365 -0.41959515 0.8206505 2.018418 0.26933303 1.329477 -5.9076056 -1.6269689 0.043185685 5.7503786 -6.941833 -5.8388176 -8.425745 10.156934 -1.8743553 -2.1350913 -29.707731 -0.37988985 -2.3896983 182.80281 -291.23465
174.42377 -93.252846 21.365938 -37.019695 -10.327105 -12.991189 21.815073 -1.3341695 -6.4355774 -4.759803 7.0068507 -4.334022 -2.0366373 5.061037 3.1994421 -6.461153 5.1766953 0.089672014 -7.9548593 -7.0769334 6.87943 -5.4326615 -8.867129 -5.4254746 11.875358 -18.892605 -16.315954 -6.5264506 18.121767 -68.46074 207.66846 -288.44608
145.30133 4.8060484 59.953335 -62.078953 -7.1147327 -30.486362 0.29901996 -0.82119006 10.742093 -6.772771 2.2851353 -4.525301 2.4072614 0.7970414 3.1048818 -1.4039767 -3.648254 -0.79270476 1.0962616 -1.3281097 3.3157306 -8.198618 4.95506 -17.541285 -5.862308 -16.829504 13.630646 -1.2411023 86.79369 -66.00619 43.13293 -300.29944
143.94673 -57.044884 -3.4006886 -19.539047 7.9846053 -0.6709322 1.7181321 -2.5717227 0.64062715 -0.7357165 -0.034257807 1.3312973 -0.63648355 -1.3733648 -0.111099 1.0336483 0.7003941 -1.3194009 -3.6450212 -3.3161693 3.2329566 -2.0992432 -4.9581733 -11.486536 4.2655697 0.6284464 3.8600402 -36.355797 -10.571403 -5.473138 210.73651 -271.42783
144.36557 -74.212616 -12.035589 -29.477825 13.746977 1.8860488 1.6408474 -8.711574 0.64725846 2.6441085 2.1572356 -2.1237214 -0.4401902 1.4654344 1.2734785 0.021039762 0.31595004 -3.9019372 -2.9222693 -0.54243255 4.4424376 -4.3384347 -6.20032 -6.8215466 7.8432364 -1.053292 0.032317165 -31.355473 15.497878 14.769183 182.76439 -298.00034
146.77074 -96.98148 -7.292514 -19.39021 18.233831 -4.0347652 0.2932018 -6.3968954 4.1877494 0.90407515 0.6959778 -2.7422605 1.1501573 1.0212612 0.6428107 -0.54805523 1.7540296 -1.958821 -3.53686 -4.5684323 2.295601 -1.0817306 -2.959834 -12.748392 2.2268603 0.7121859 5.8335576 -30.953072 -7.983671 -2.1512568 199.8508 -299.3423
150.03575 -105.03622 7.1598988 -23.26005 9.216051 -2.6809776 16.023329 -7.8128977 -4.7683415 1.9702392 8.075135 -4.004139 -1.7134863 4.810713 2.5492706 -1.3450059 1.3782613 0.28871158 -3.8743713 -1.735077 7.4249053 -5.022938 -7.722132 -1.7306818 13.819623 -12.865251 -12.4018345 -19.733614 21.721533 -22.961416 184.25076 -311.38632
55.498463 33.145412 -4.6480174 31.018538 -14.205108 6.40164 -5.781541 -6.485726 -0.15262721 -2.4199493 -2.3828428 -6.7483234 3.946699 -6.9336066 9.672465 0.5600118 0.6536068 10.932583 -8.812734 3.1937325 -5.397284 -3.4453955 -1.1604002 -8.025235 -8.112996 -9.361557 -5.231475 -41.798523 122.5725 -24.260529 -152.59657 -375.40253
38.06872 -29.693956 -38.00673 14.434959 31.81885 -12.8719425 -8.080685 -3.452461 10.68618 4.125085 -1.0274986 -13.911831 -3.9763806 5.241547 5.622358 -3.570856 3.7127595 -3.1526473 -3.746548 -1.5584074 0.44051313 17.201958 8.7231045 -23.706232 4.6206193 23.317232 19.081991 -20.585573 -41.147667 -131.00957 -156.77785 -337.69333
-4.604047 5.922801 1.735418 2.0534484 1.5308639 -1.1867052 0.12357634 -0.46665913 0.66052336 -1.598772 -1.7842393 -1.2618891 -1.7991991 1.4905617 0.46544376 2.7806706 -2.967441 0.79160744 0.8455833 1.5401222 -0.23852879 -1.9331394 -1.5002097 1.5658348 2.5738409 -1.4196087 -1.943743 -5.468422 -26.614754 -1.7519366 51.50472 -470.13828
39.536964 49.19045 4.4515615 -16.996742 -14.276694 4.802046 -0.47095016 10.568569 2.5543056 -2.4957614 -0.28150764 -7.6777143 -5.012216 2.603587 5.1602893 5.1180964 1.1380624 9.472912 3.1887963 -1.6887739 -9.937643 -6.564269 -4.2345986 -1.0425807 4.19349 5.3449106 50.11975 -28.472193 -50.357018 -51.255363 1.5315183 -427.484
-4.75276 -10.506745 -4.991043 -3.6492143 3.5233786 3.2216432 1.6790527 -0.17238237 1.8950348 -1.3414273 1.4233639 -1.0579529 -1.4544309 -1.2506462 -0.5575842 0.97105515 -0.3385063 3.8463435 1.5789139 0.17134553 4.1358294 -1.9856637 -0.2758511 -2.2410738 -4.267481 10.629143 7.929704 1.4210817 22.09143 -74.95986 -71.20579 -404.66534
131.81854 -146.0783 20.602037 8.792782 3.6002648 -3.1484923 15.028774 4.6440635 2.3049006 -6.132512 -0.2979803 -1.6311078 -2.6633542 0.65609413 0.978527 4.258696 -2.6497157 -6.0034833 -4.4458265 0.71923673 3.1827965 -9.753595 5.346307 -1.1390171 -2.0974743 -29.4412 16.863298 -10.332459 -19.309494 -50.74477 266.58545 -199.22319
151.50826 -125.12568 8.572668 21.56759 21.720633 -7.468457 1.0760815 0.8484258 0.2709866 -0.83704835 0.4332165 -0.7290966 -0.9695563 -1.5590053 -1.6613541 -1.8619076 -5.255381 2.8849826 1.1853746 -6.0522366 -7.935655 -1.1313646 3.0344996 -13.31531 -6.3086553 -4.0947556 15.961058 -42.765736 -30.397888 -13.656934 206.91754 -252.33131
168.03378 -140.07349 -10.9491415 1.9153811 9.246347 -9.941673 -1.871883 -1.4781073 5.9826593 -0.012350394 -0.07104055 1.9551611 -0.23899934 1.0814898 -0.327126 -0.89089507 -0.9478106 2.6461577 -2.142729 -3.550259 -2.3408463 5.6796584 1.9453968 -9.029507 -1.2325755 10.051736 17.824121 -22.97068 -4.734342 21.627047 211.35826 -259.38412
-4.2382646 -2.2464483 -1.2513818 -0.95407534 -0.9618957 -2.0478406 0.02623965 -0.96757233 -0.59090906 1.364401 -0.6909065 -0.75469434 0.9062962 0.6585801 0.038720544 0.32856616 -0.4129183 -0.3235998 -0.06040288 0.0015784656 0.40355593 -0.16410744 -0.1434866 -0.68885475 0.50207734 -0.81553006 0.9139423 -0.7024028 3.185123 -4.159541 -0.958216 -470.21652
1.0421058 2.5378869 0.9362271 1.2165267 1.1525363 -0.49863428 0.44223922 -0.1930587 -0.10989419 -0.6010519 -0.8659693 -0.6988868 0.31965038 1.4895827 0.5810894 -0.8837675 0.35931444 0.30407438 -0.020756826 0.83439755 1.0296031 0.24044158 1.4763759 -1.8971161 -1.1576892 -1.1966335 -2.1555893 -0.6241945 -3.3212385 5.774246 -20.278223 -471.2627
6.888997 4.1412063 2.4973173 2.534761 -2.9800725 -0.4439152 1.4387395 0.0045849737 -1.6955748 -1.6192032 0.13459693 0.1165601 -0.20753719 0.9960428 -0.29238707 1.5478809 -0.6256607 -0.17337714 0.8140488 0.5162838 0.24236718 0.7311314 0.3894021 -2.7244797 -1.1431993 0.3818389 1.1882657 -3.183333 -7.7628403 -1.9823856 27.220903 -452.68213
10.053543 8.690383 1.1045347 -0.39111295 1.3098468 -0.9208406 -0.354297 0.7294247 1.0776415 -0.31237954 0.12883347 -0.23006408 0.045947783 0.655236 0.62092394 0.13272463 0.31544942 0.009046705 -0.6191266 -0.8358037 -0.6381468 0.6460061 -1.95142 -0.45730275 0.26246724 -0.564453 -3.9084542 2.1970131 -0.16549085 1.7641224 -3.3772361 -459.74335
38.926826 73.6608 -54.44623 30.16703 -15.235751 -42.36224 27.762901 -4.653478 2.9415452 18.963696 -8.976914 1.0049256 1.6166275 -5.2247047 -1.4237967 -1.07187 2.0849073 -5.367276 7.2185884 -0.8663231 -0.63568556 9.420004 -2.8601892 -2.5313728 -10.254374 8.915864 -31.558369 -26.257948 132.81499 -187.17697 -224.0632 -234.22992
-34.287407 -62.57037 -12.0455675 -13.653122 -18.105263 -2.1877842 -15.170304 -4.9099865 -7.5218563 2.0894723 -8.188319 7.9995604 -4.457991 5.3729515 2.5978446 5.2944045 1.0094577 -7.0002465 -3.1263819 -2.3949287 -12.105539 -8.911993 -8.653733 -13.119393 -11.196186 1.916283 -61.61961 -8.700301 -55.12982 -14.627964 253.82314 -331.02988
182.22728 -157.96878 -1.4262246 -3.9503038 22.398443 -14.1357975 -1.7345418 -1.412801 8.265148 -4.0020523 -0.28453943 -1.2738165 4.857225 -1.8666427 -0.34745774 -0.9857492 0.9717183 0.48508498 2.131739 -4.992121 0.9952952 0.861748 6.2208323 -10.642134 2.0648296 2.3580627 18.544516 -26.327337 5.0224805 2.8698225 190.28693 -202.48874
166.14651 -154.16635 3.0911548 -2.2799847 21.32638 -14.769073 -1.4110848 -1.7562301 7.6322355 -5.3658276 -0.41564596 -1.0620879 3.858131 -2.3891432 -0.010523637 -0.6075805 0.7600864 -0.1132817 2.3409464 -4.528059 0.7879611 0.046224628 5.1706595 -9.270845 1.6320674 0.7337533 14.925592 -22.606318 8.355573 3.05718 182.94604 -191.36238
121.83788 -132.42822 4.393563 1.4284859 12.549872 -17.375086 0.6347881 1.9031501 4.919561 -5.5481544 0.8002285 -0.03583143 1.480155 -2.6959863 0.7449085 0.6153394 -1.2175201 -1.1690794 3.315061 -1.8243185 0.5184559 -1.212991 5.43055 -6.4162993 -2.1628733 -0.12686688 18.374922 -13.9715605 -3.234377 -4.2211566 134.01028 -138.7417
191.59149 -178.1125 3.7510371 5.7099195 23.02582 -19.17417 -0.5633526 -1.0665392 7.810656 -6.932889 -0.038179744 0.11542257 4.0352187 -3.4136238 0.1724595 0.56254447 0.0051813703 0.0026154176 4.2438393 -4.1535277 -0.3719443 -0.65228385 8.042299 -8.2759905 -1.5230794 -2.276838 23.530506 -20.446487 2.485459 2.778749 206.13736 -193.21144
206.23798 -138.4555 -18.383047 -12.806776 28.832565 -18.617847 3.862405 -7.682598 11.827585 2.851643 -1.7131183 -2.2356613 2.2137558 0.053305544 1.5803201 -3.2937825 4.8015184 -1.3832208 0.38289195 -3.3227866 2.8868608 2.126207 -1.9127266 -10.995345 7.807563 -3.4278643 18.580637 -27.248981 15.180669 19.489916 160.45638 -224.80107
176.84848 -175.20615 0.8417397 1.5871065 18.804844 -16.730621 -0.15474312 0.39803 6.2630563 -5.56899 -0.19911398 -0.026894834 3.1068914 -2.4705482 0.20717277 0.110795215 -0.35591114 -0.30256644 3.4382834 -5.3189583 -0.4554226 -0.33700317 7.514933 -9.747661 -0.64849836 -0.37821582 21.070467 -25.823626 -1.5379183 -1.2725703 191.17108 -214.36511
174.78389 -141.30223 1.1660103 -2.3776093 23.159838 -2.1844156 2.4138577 -0.03260775 4.4638267 1.3073598 2.0308118 1.2708758 1.5337226 -0.599233 1.2622029 1.8888717 -0.066204704 -3.7786772 1.9678047 0.39912757 1.0515122 -4.7427273 5.1036634 -3.8548234 2.2492163 -3.2746904 19.84268 -16.031387 4.823677 -4.8173413 202.14354 -230.11215
174.81511 -126.883026 -5.285742 -7.725534 17.355 -21.537748 -0.6206429 -3.3762362 3.0135012 -3.7210329 -2.8908136 -4.7469387 4.641729 -2.2914996 0.5041466 -1.3479141 2.0743532 -1.5431485 1.3433863 -4.8447022 4.8149414 0.55489165 0.4913295 -9.960003 7.465777 -1.914981 11.903508 -30.439705 13.962518 6.199758 212.3834 -229.5196
145.27501 -135.07376 -2.169836 -1.1539602 19.678974 -0.13798806 -0.09132406 -0.45059463 5.0956316 2.1201024 0.47955465 -0.2401901 1.9724293 1.4971611 0.011548544 -0.039583825 0.48907858 -0.46649477 -0.8981868 -6.752979 0.8306934 0.13115577 3.4670484 -12.788751 1.7383618 1.1164837 24.040873 -30.669834 0.87807494 1.6891739 192.98195 -275.1826
154.86871 -154.74345 5.6688232 7.8700747 9.5594845 -11.988991 -0.8484338 -1.5552044 1.9459466 1.3784502 1.2820513 0.6162305 3.98973 0.67234695 -0.7935643 -3.2758453 0.5139512 -10.48012 -2.1315973 0.61051786 -1.9380699 -9.049368 7.853586 -6.989465 -8.144937 -15.281385 18.24084 -27.683018 -17.443176 -25.761074 258.85516 -204.8875
185.81143 -71.60731 -25.132442 -18.246437 8.676366 -0.4841922 3.0812922 -9.312318 2.1888804 -3.4976847 6.479854 -3.1857145 5.9906206 2.8591437 2.806306 2.4093394 -0.32874575 -4.333065 0.051509522 -6.634688 6.677258 -8.540237 5.3023705 -8.847346 16.077053 -2.2928898 15.7347145 -24.776646 35.26546 25.25429 105.928444 -290.94547
113.57419 -175.09425 -3.434139 10.177508 10.573266 -8.84621 1.337742 7.203327 4.906572 4.048184 4.3616686 2.115311 1.6233966 0.45171255 0.29049143 -1.1089494 -1.4247931 -4.7916894 1.7801219 -5.2959533 -2.5729425 -5.392527 5.830214 -9.621384 -7.0650444 -7.229434 18.40127 -11.034591 -14.49103 -7.863645 256.56244 -211.66557
112.96013 -87.46145 12.010121 7.926433 7.733274 -1.3214091 16.550938 -6.09205 -5.0257826 2.3380885 5.273914 -5.1666083 -2.6833065 5.107996 0.7442349 -1.6262367 2.8195703 -4.690256 -7.687243 -1.8115389 11.23153 -1.7821298 -8.072852 -6.0262513 22.984413 -9.552365 -12.927214 -19.811274 26.26927 -18.560024 224.91963 -221.1187
93.37626 -62.894802 7.358575 3.137582 10.745585 -12.573927 1.6435076 0.6617975 4.6674476 -1.9269811 1.0311458 0.4460033 -0.23137689 -0.49171388 -0.7785086 -0.25364053 -3.2504904 0.5810424 1.6993079 -5.4753637 -3.5170808 -2.2358992 4.0570483 -10.087344 -7.202944 -2.8980036 20.717064 -22.58122 -20.037592 -23.787262 236.93523 -283.2866
120.16769 -106.1497 43.305565 4.0551486 -2.7070975 -17.47409 3.741279 2.14771 -0.8264068 0.55665773 4.241794 0.04264662 2.8584313 -2.0022292 -1.6369419 -2.857623 3.2865338 2.1524608 1.3600485 -6.6474013 -0.1164083 -4.4007254 -2.5572374 -0.16512056 1.8542957 -14.059349 25.304943 4.6064076 -2.5480769 -76.02147 256.8918 -173.29762
5.85051e-08 1.8068565e-07 2.5752001e-08 2.3322342e-07 -46.06771 -46.067707 3.609605e-08 1.0051921e-08 1.3853757e-07 1.5908182e-07 -3.7410473e-08 5.1568993e-08 -8.461698 -8.461689 1.1784444e-07 4.927347e-07 -1.1784444e-07 4.927348e-07 -1.2588981e-07 2.7072646e-08 -2.9094518e-09 5.1568964e-08 -16.584595 -16.584593 -3.6096072e-08 1.00519255e-08 -3.3130323e-08 1.470373e-07 -4.9040974e-08 2.3322323e-07 -414.60666 -414.60666
99.07086 -106.404 15.51247 7.813262 2.1315353 -6.6171494 8.274124 -4.6593647 -3.5553434 -0.4227192 5.867015 -2.591069 0.51081955 -2.5663524 0.4645945 -1.5011634 2.3855467 -6.434316 1.4840535 -0.8594796 2.2448132 -11.392512 3.643634 1.8471469 -4.0022225 -16.651587 18.161364 -1.536761 -23.974306 -50.846664 237.86455 -207.7632
186.65135 5.8875566 -30.25265 -19.171602 2.2715452 -12.4076 14.811916 -18.210236 10.487738 -0.09238512 5.7573743 6.6236906 -3.2312124 3.2981315 -3.7775574 -0.23671402 -1.3893323 -0.56084085 1.7892807 3.7955818 -10.134596 -7.837771 -10.79027 -9.333677 20.865599 -28.08022 5.410087 -13.128106 51.941486 43.43148 54.021523 -326.2444
114.4693 -17.29844 19.328075 -15.486559 5.6168256 11.545601 4.596987 5.278852 -5.048309 4.8586006 -3.3512511 4.109752 -4.854625 -0.45186824 -4.6420574 -2.4713006 -1.5550135 -4.949186 -0.5126909 -7.018248 1.9122525 -6.2013645 6.4222174 -3.8478343 6.8208733 -12.568612 -3.9452667 5.532642 63.51701 -18.119144 -26.75454 -311.97388
168.00212 -110.54659 -4.6595325 -1.8028705 0.05013947 -3.2106516 -2.2016912 -1.2506846 -6.4144373 -3.3257306 -1.1371331 -1.4357635 -3.7088082 -4.6579523 -0.023253823 -0.35935527 -0.739029 1.554027 -3.8654284 -1.6132828 -1.081012 2.0626266 -4.2603207 -10.242038 -1.9512995 2.9726305 8.81316 -37.916996 -0.78901005 3.5689118 201.72205 -262.81665
5.85051e-08 1.8068565e-07 2.5752001e-08 2.3322342e-07 -46.06771 -46.067707 3.609605e-08 1.0051921e-08 1.3853757e-07 1.5908182e-07 -3.7410473e-08 5.1568993e-08 -8.461698 -8.461689 1.1784444e-07 4.927347e-07 -1.1784444e-07 4.927348e-07 -1.2588981e-07 2.7072646e-08 -2.9094518e-09 5.1568964e-08 -16.584595 -16.584593 -3.6096072e-08 1.00519255e-08 -3.3130323e-08 1.470373e-07 -4.9040974e-08 2.3322323e-07 -414.60666 -414.60666
183.57996 -105.402115 0.14433081 19.400768 -10.441339 3.6486232 -3.6234121 2.625297 -5.333219 -1.6910826 1.2493334 -4.5922866 0.082987085 -1.5811478 2.9546251 -2.9277203 0.982737 -4.447514 5.2873726 -0.16199277 -3.7837741 -2.1295297 5.4622912 3.0071526 -18.302355 0.4670145 6.7891097 -8.598873 -37.053093 -11.415801 193.2141 -267.09882
156.14635 -134.90862 -1.1069585 8.533855 4.2868066 -2.7030928 -1.3748157 3.8708882 -1.815797 1.792389 1.0068583 -0.81499565 -1.4891504 -1.0445143 1.4798669 -4.3494005 -2.6942418 0.6958738 0.5498642 -5.757129 -7.8270297 -1.3794013 1.4026821 -12.905172 -12.972533 -2.152212 16.576324 -33.235462 -18.351856 -7.6188245 206.39993 -237.59964
5.85051e-08 1.8068565e-07 2.5752001e-08 2.3322342e-07 -46.06771 -46.067707 3.609605e-08 1.0051921e-08 1.3853757e-07 1.5908182e-07 -3.7410473e-08 5.1568993e-08 -8.461698 -8.461689 1.1784444e-07 4.927347e-07 -1.1784444e-07 4.927348e-07 -1.2588981e-07 2.7072646e-08 -2.9094518e-09 5.1568964e-08 -16.584595 -16.584593 -3.6096072e-08 1.00519255e-08 -3.3130323e-08 1.470373e-07 -4.9040974e-08 2.3322323e-07 -414.60666 -414.60666
146.44579 -85.40543 -17.015688 -21.15068 -13.250274 0.64810306 -7.674484 5.0853047 -6.4051604 -2.4285045 -10.172213 0.49978614 1.0887622 -0.22016585 -6.3479376 -4.8599935 -5.658154 0.04510374 -4.755347 -0.46231812 -2.5295036 -8.346048 -9.429461 5.944317 12.322426 -3.8308592 -24.456095 -19.361994 42.021084 17.615149 127.65329 -302.99188
5.85051e-08 1.8068565e-07 2.5752001e-08 2.3322342e-07 -46.06771 -46.067707 3.609605e-08 1.0051921e-08 1.3853757e-07 1.5908182e-07 -3.7410473e-08 5.1568993e-08 -8.461698 -8.461689 1.1784444e-07 4.927347e-07 -1.1784444e-07 4.927348e-07 -1.2588981e-07 2.7072646e-08 -2.9094518e-09 5.1568964e-08 -16.584595 -16.584593 -3.6096072e-08 1.00519255e-08 -3.3130323e-08 1.470373e-07 -4.9040974e-08 2.3322323e-07 -414.60666 -414.60666
89.52227 -24.961227 20.4856 -5.948459 0.76012635 -0.36990544 7.520612 -4.5000224 10.642772 5.490021 -2.5265036 -5.7107453 -7.968211 -4.6952868 -1.044816 -6.7411327 -3.2064903 7.8933554 1.4027015 -8.9257345 -3.1521807 -12.671782 7.239337 -14.8468685 -6.8470454 -51.461002 -16.540884 -44.912 79.906334 -43.048527 82.44579 -249.06465
150.09142 -77.690445 15.513786 -0.441517 -14.303764 -1.2222859 3.663779 -4.469008 -4.8442698 -4.1173 -2.3697226 -5.665051 5.322747 -0.9592808 -3.8233588 -7.1310945 0.84807277 0.4442587 -4.014656 2.690486 1.3084416 -2.2651758 -11.981444 1.2151824 1.3605901 -12.004975 -14.327409 -27.38915 5.601218 -24.978046 174.21878 -296.0578
138.5738 -126.2796 14.365705 12.609623 12.159041 -18.038183 5.082677 7.487312 5.4494877 -5.3124785 1.1453123 1.977179 0.12440708 0.12979609 0.89853054 1.3189712 -2.207554 -5.606253 1.343097 -0.08860712 -2.4675293 -4.2917786 8.212377 -6.3415747 -10.927178 -8.236702 21.040491 -12.125508 -12.706754 -22.752892 236.70146 -173.74593
150.73508 -141.81627 -5.3348517 -0.57761836 19.875883 -12.042194 -4.914148 5.8228736 5.8117437 0.07445716 -0.77970713 2.8812973 4.2302375 0.9755891 0.5100885 1.1822671 -0.8615165 2.580218 -0.5160662 -4.6140823 -3.8375041 3.3196852 -0.85062474 -8.246784 -9.698329 4.1392374 3.293342 -18.85238 -17.151773 19.892609 228.99985 -275.87054
154.84337 -84.8828 -4.635101 -0.25878376 26.288565 -5.3753095 -1.2564068 -1.5549389 7.6318874 0.88866055 0.033492655 -0.40599388 0.34810653 0.28317335 -0.38493922 1.498765 3.2428005 -2.1549518 -2.7411299 -8.266672 4.6656146 -0.42818037 1.2969769 -9.337076 2.9888642 3.1819959 4.8482084 -15.761674 1.5570675 2.160338 220.7536 -256.75546
99.523544 -119.02277 2.4356065 3.3264995 12.103588 -15.726411 2.0543082 0.3586141 3.5934196 -5.9829106 2.2351465 -0.25589043 1.512495 -2.3791995 1.8993016 -0.67946875 0.1797087 -2.1211724 1.4176619 -2.027383 -2.315758 -1.8970767 4.8914104 -2.242699 -2.490721 -1.5138438 19.456692 -11.769566 -6.6911016 -9.581744 262.94763 -234.0251
131.90074 -55.83861 -0.27494112 1.2406522 13.18638 4.2040505 -0.9072802 1.1551349 0.6474397 0.93324816 -0.7585878 -0.6870002 -1.1229738 -1.0934694 0.90634537 -0.60796505 1.3006091 -1.5647686 3.296458 0.8491796 0.4529497 0.807132 3.378806 1.8776832 -1.6026716 0.64562047 1.3611937 -12.577023 -6.733256 -2.5171373 172.22554 -306.77658
124.1822 -62.8117 8.891191 4.1989617 13.202849 -5.025128 -6.7380743 2.2479537 4.486735 1.6711246 -0.71436447 -0.84702855 2.0022686 -2.7359545 -0.3401453 -0.2821313 -0.1522613 1.6160399 1.5070089 -3.6791737 -0.46570396 1.0274631 -2.8727107 -7.2440686 0.24579719 11.882782 1.7267586 -21.944784 -16.390192 8.616954 204.71779 -316.88983
100.09677 5.9237285 -12.798469 -44.645237 2.1475012 -21.817598 24.90686 -14.929852 13.185528 -5.432307 6.9357204 4.0825744 6.813359 0.45351657 3.4283345 0.46233585 3.6239696 -2.2850919 6.1378546 -4.8090444 -1.4704345 -1.3053137 12.217169 -5.8718233 27.840029 -14.810439 31.371094 26.79694 67.24756 82.854225 -99.92111 -352.64798
125.19444 -161.2541 1.9294469 3.1585102 12.272602 -19.849894 1.9444393 -1.0301687 1.3471321 -9.569487 -0.776992 0.6825911 -0.06338387 -2.7792158 -0.77718145 0.3505763 -3.7274036 -2.454256 0.33997318 0.45962813 -4.823511 -2.5201411 2.891333 0.95104647 -3.8756764 -2.9942853 16.877388 -9.425663 -8.310971 -4.0882797 258.74094 -234.12544
-0.009505057 -0.1675619 0.036704976 0.11925918 -46.026367 -46.033337 -0.10025779 -0.15963224 0.00678123 0.11589383 0.06531 -0.07252719 -8.521615 -8.376892 0.041112546 -0.09123299 0.04452969 0.0933817 0.007909543 -0.09408796 -0.08531307 0.07623669 -16.49591 -16.714838 -0.10429306 0.1608112 0.22697869 -0.06521166 -0.41720992 -0.12235765 -414.4497 -414.72107
5.85051e-08 1.8068565e-07 2.5752001e-08 2.3322342e-07 -46.06771 -46.067707 3.609605e-08 1.0051921e-08 1.3853757e-07 1.5908182e-07 -3.7410473e-08 5.1568993e-08 -8.461698 -8.461689 1.1784444e-07 4.927347e-07 -1.1784444e-07 4.927348e-07 -1.2588981e-07 2.7072646e-08 -2.9094518e-09 5.1568964e-08 -16.584595 -16.584593 -3.6096072e-08 1.00519255e-08 -3.3130323e-08 1.470373e-07 -4.9040974e-08 2.3322323e-07 -414.60666 -414.60666
5.85051e-08 1.8068565e-07 2.5752001e-08 2.3322342e-07 -46.06771 -46.067707 3.609605e-08 1.0051921e-08 1.3853757e-07 1.5908182e-07 -3.7410473e-08 5.1568993e-08 -8.461698 -8.461689 1.1784444e-07 4.927347e-07 -1.1784444e-07 4.927348e-07 -1.2588981e-07 2.7072646e-08 -2.9094518e-09 5.1568964e-08 -16.584595 -16.584593 -3.6096072e-08 1.00519255e-08 -3.3130323e-08 1.470373e-07 -4.9040974e-08 2.3322323e-07 -414.60666 -414.60666
-0.9080786 -0.91622865 -0.89786404 -0.9219837 -45.23137 -47.711746 0.012499612 0.022367604 -0.16693632 -0.17326981 -0.28034237 -0.3024873 -8.049641 -9.113986 0.011268872 0.023079555 0.01585693 0.019777864 0.1537952 0.1419929 0.3405577 0.31248605 -17.145973 -15.673534 0.014799179 0.020712307 0.32965034 0.3196741 0.95821226 0.9321126 -418.5294 -411.11765
127.06163 -87.81384 18.181063 7.422532 18.874996 -36.46976 4.297476 8.758728 6.18606 -3.2391496 3.2425597 3.8877487 7.543689 -8.469797 1.4697361 0.6967853 1.202654 -1.2637689 7.790872 -7.730858 -0.58067423 -2.7244704 2.4756575 -3.2501764 -7.6149273 -1.7285298 36.40861 -20.193354 -10.423088 -30.275742 227.41365 -216.06097
146.99068 -139.86491 -0.039706845 -5.1310887 12.820315 -6.471233 6.896377 -7.860184 4.8299417 0.8572196 6.6942925 -7.573064 1.9784242 1.6729504 3.629561 -3.0655208 1.6881971 -0.7491944 -2.9690313 -4.020617 7.023705 -1.1453053 -6.1190453 -4.543802 14.38986 -7.5890403 -6.5337825 -16.2743 26.64844 -18.154285 220.39418 -288.75748
5.85051e-08 1.8068565e-07 2.5752001e-08 2.3322342e-07 -46.06771 -46.067707 3.609605e-08 1.0051921e-08 1.3853757e-07 1.5908182e-07 -3.7410473e-08 5.1568993e-08 -8.461698 -8.461689 1.1784444e-07 4.927347e-07 -1.1784444e-07 4.927348e-07 -1.2588981e-07 2.7072646e-08 -2.9094518e-09 5.1568964e-08 -16.584595 -16.584593 -3.6096072e-08 1.00519255e-08 -3.3130323e-08 1.470373e-07 -4.9040974e-08 2.3322323e-07 -414.60666 -414.60666
-10.441459 -38.59037 5.78833 19.30384 -12.511667 -9.469547 3.7869773 9.650682 -8.914944 -2.741862 1.6561301 1.5207366 -3.0293188 -0.1933078 3.6106145 -0.6629294 1.1300288 -0.45426196 -5.3852816 1.079051 -0.7375339 -3.3019664 -12.317688 8.083974 0.61272794 -17.582792 -9.993911 32.63084 30.766634 -65.124695 -21.820774 -429.84555
-25.214767 13.981788 -10.1576605 4.221881 12.783891 -5.2464 -2.465466 3.4210985 -5.8145723 -1.2195386 3.4102378 -1.9121549 -0.76331896 2.6128988 -2.433347 0.13149595 3.58013 -1.1002516 2.2164724 0.19592571 -10.971411 -6.606895 5.250185 4.1496916 7.2915864 13.20465 -33.140633 -46.93822 28.263817 127.80449 -49.63633 -396.69623
-16.653063 -7.2837825 23.022356 24.176924 -25.439537 -5.9223557 10.208213 -8.138207 -8.504882 3.5453067 9.322825 -7.3322544 -2.5680678 9.571639 -0.040800128 -4.8454885 5.7724786 -2.8355343 -6.7116413 7.0492435 6.446005 -5.2380357 -13.306102 11.184198 13.371136 -30.79629 -0.6156371 23.343525 4.5255814 -81.85864 -91.14697 -416.0067
-3.1698418 9.8776245 -3.6326222 -1.9487574 -1.7354041 6.1397257 -1.3709433 -3.633012 3.1367908 -2.1459742 2.3570006 1.852259 -3.5051744 -1.2794324 0.10229825 -2.5337372 0.66343665 -1.1621631 2.6403077 -2.3461392 3.461199 2.2533395 2.712485 1.3294498 -15.2799 2.1286597 -3.7530925 -15.856696 -13.874147 -4.8738937 72.319305 -414.36545
-10.7812395 -12.5067835 -8.058412 -1.8106092 -6.286102 2.5226486 -4.066456 2.0995474 -0.38233593 5.1274123 1.5866686 3.4188957 3.377134 1.636538 1.3211002 -0.4343828 1.5121434 -3.181053 -0.33186105 -4.0359387 -2.7776754 -5.4412084 -6.4872327 -3.3079684 -9.823128 0.2578246 -13.555723 4.594516 -18.666204 23.922615 63.83016 -463.6134
-15.332415 45.391838 -21.565783 -14.776617 7.9383154 -15.110652 4.592374 14.814749 -10.017201 6.7913413 -1.0191638 -10.595603 7.2606664 0.48153183 -0.16780217 8.919704 0.9361068 6.2710376 -6.4025946 -4.1339903 0.6687937 -11.664999 7.280629 9.745947 -17.624063 9.181557 -20.605204 -40.641335 64.7506 18.602314 8.719711 -432.10132
3.3061633 2.4802563 1.1056898 -2.1119964 -0.5129744 -1.0355023 -0.89606154 -0.2690638 0.7249028 -0.764678 0.058106754 -0.97986406 0.59894156 -0.22753966 -0.56887627 -0.18262218 -0.32613775 -0.63231736 -0.02878172 0.17733583 0.70014244 0.5180832 0.08874465 0.49606106 -1.668303 -0.862674 -0.4583443 2.7629771 0.7407875 0.6298349 13.502136 -448.17932
4.858355 8.537065 6.5401683 -10.111763 -3.151476 4.047803 -6.8588986 -2.4290528 -0.61450154 0.026927399 5.3517294 -0.0037372522 0.9704039 0.07282564 2.8769841 -0.99206775 5.1767025 4.5793304 -2.1855183 2.4288874 -8.02062 -4.4778714 -0.45912862 -1.9583375 4.871757 7.54572 6.6533256 14.431713 -49.415253 -23.036253 133.15579 -405.28198
51.553066 -3.922953 -15.797181 2.5701869 1.6785872 5.425385 -6.390654 1.2755733 7.2023573 0.24976252 -12.459383 -8.226659 1.775254 5.2144914 5.9112577 -10.97352 -3.613949 8.129873 6.8692555 -2.5084698 -9.797342 4.07337 -2.5649328 -1.5613668 -14.847294 -8.421166 56.31565 -17.35601 -27.590776 -40.113213 -88.51171 -438.30347
124.431465 -151.47293 0.82460403 -0.45828497 16.174717 -9.945412 2.1901824 0.28162315 5.4687433 -2.5837693 1.455596 1.0003296 1.7828807 -1.4533944 0.59706414 0.6720315 -1.0720229 -1.4665896 4.5248065 -3.6183608 -1.1742562 -2.7105334 9.005569 -4.8772984 0.20268697 -3.5751305 24.137016 -18.874533 -2.7933679 -5.645649 176.8141 -217.45764
175.93646 -140.53813 -2.6169715 3.7376833 21.553192 4.2013636 -2.841349 1.1972225 6.4254575 4.6684327 -1.9038376 1.4735855 1.4590604 2.1199386 0.48681888 -1.1588472 1.0073367 2.2141225 -1.8549047 -5.459368 -1.0365652 1.2298877 -0.2151195 -9.813169 -5.256656 4.0976906 15.556413 -26.450079 -6.1395984 7.3029966 199.72253 -268.05945
112.05529 -169.25613 4.185708 11.903946 18.976364 -12.6375265 4.588964 1.0754366 5.989614 -8.172833 0.14532445 -0.9247028 -0.07805531 -3.1141076 0.07334856 2.5958111 -2.5270398 -1.3554878 3.9377375 -0.4583284 0.24361716 -1.6168822 10.736069 -6.3604035 -3.1547644 -7.7703815 24.315104 -20.953741 -14.670778 -5.9098654 190.24994 -202.08647
163.6605 -128.4292 -8.5586605 -11.303686 25.942606 -8.250515 7.278293 -3.3051164 5.6375813 4.54942 -0.71218324 -4.0340505 1.6367568 -0.76679665 3.7947147 -2.0684562 4.789555 -3.2254765 1.6254257 -4.923705 6.519899 1.5836974 -1.9250854 -8.412485 6.616399 -3.531452 24.297956 -25.368185 15.013275 12.225403 196.93236 -231.14012
150.25026 -153.72377 2.1712246 -0.53429866 13.038044 -16.281109 10.421032 14.780212 7.969796 -8.507564 -5.818726 3.3323848 5.7921743 1.678622 0.015179619 2.8231564 -0.06923413 -6.1923966 0.93030185 -5.7629056 -1.1354582 2.545232 11.847105 -7.9496593 -16.544088 -12.229307 36.210144 -17.137407 0.20741358 -13.279444 212.74292 -212.99864
169.29135 -58.857628 15.825649 -53.640636 6.899563 7.5091343 -13.894836 1.5388383 -2.2455163 -9.904725 22.422457 -5.1502776 -12.65492 -9.903302 7.099298 0.5006251 0.044100042 -12.263521 10.565928 12.1768675 13.767527 -25.443134 14.225696 -7.9311557 9.132691 13.148562 15.67596 -9.775623 86.20651 -40.83964 31.113474 -271.16745
133.22693 -161.65363 1.5523155 0.19562906 6.553783 -14.3819065 4.2387967 0.88926274 0.86701787 -6.8298197 2.160449 -0.19294606 -0.38074213 -3.347456 0.6973887 -0.29719087 -1.5316546 -0.8515834 5.003975 -5.116519 -3.154712 -3.320191 6.3871803 -9.52965 -4.878132 -4.3305383 15.707522 -27.639519 -7.8088627 -3.22281 188.30501 -221.88405
120.87425 82.42339 17.246151 -107.26166 7.6635113 -24.663544 18.764057 -10.532344 28.932312 7.9357834 3.3933063 10.000476 -4.9178343 -0.091853715 4.303775 0.26595032 12.7940855 -0.96118635 1.0669343 8.75912 -9.132096 -1.4567649 16.598642 -27.836826 13.01137 -20.82793 24.551258 4.505719 146.22572 19.497118 -136.66322 -211.14064
92.841965 -85.90045 -21.782736 -19.259285 3.5536497 7.2071104 2.024455 1.4982828 -1.1583068 -9.691557 0.36031225 1.0005101 2.7373126 -4.8869677 2.454031 -1.0652786 0.44763052 -7.2162924 -7.5396056 -12.595317 0.7745601 -5.4979515 -1.9347928 -19.253447 -2.0416446 -1.6942711 23.564583 -51.755215 -0.17278999 -17.451721 228.42538 -230.30492
97.69435 -19.979696 -19.99234 -5.8864455 -0.7054866 3.8897998 1.3760275 -0.12926035 1.5377263 3.4499035 3.8029788 2.123109 -0.694644 0.6434028 -0.7091692 0.9075133 3.3579495 1.5301812 -1.123584 -0.5431267 -3.3970602 2.859089 -4.985297 -7.5659776 -10.131004 -1.5838565 -5.949552 -23.370052 -13.893276 33.49262 156.36662 -345.5702
112.52888 8.659302 -39.76365 -53.006603 4.891638 -56.090816 14.814429 12.142389 4.8484426 10.647082 -27.186375 -12.066776 -7.4212623 -1.7516558 5.1707997 -4.792815 -9.153741 -14.392249 -15.1478195 0.24453153 4.8531694 9.776795 -43.814 -13.195653 -51.384415 2.9100962 47.6798 -53.095768 59.661526 76.17829 173.76532 -295.6486
86.541466 -22.772385 8.657463 -19.57009 20.229292 -8.911058 21.669802 -17.501045 4.908785 10.42909 24.02222 -0.58061236 7.9540615 -0.44686094 -2.9745734 9.849001 0.47481582 -2.8652914 7.802649 1.2147212 23.190445 -25.599407 -0.15001176 2.136686 29.344494 29.368544 81.04 12.665649 25.187752 -47.438873 -134.68913 -321.8445
86.15943 17.80941 1.0110568 -1.3474176 -2.4436579 3.3862205 2.5470202 -2.4508746 -0.57534647 1.7522069 -0.869094 0.1810448 -0.2208979 0.012333776 -1.438097 -0.99930537 0.29599795 1.1293 2.3206203 0.39573976 -1.4234947 2.0764854 -6.4064064 2.5966148 1.8695487 -5.544234 -25.776176 -9.963233 16.814095 -3.7797024 103.96715 -375.67508
78.2466 -13.037188 7.051469 -33.495495 16.750685 18.15941 -16.165457 0.38390994 7.043637 -20.331676 7.580379 5.8499155 -3.4524856 0.26776212 2.8346808 -4.257317 -0.5987984 -2.2077703 -4.2289987 1.9197818 -8.103661 -13.210255 20.507301 -16.342796 2.2274208 3.0996087 -7.843448 -41.9066 86.59388 -9.859556 101.88891 -322.40677
114.0201 30.5539 33.473404 -16.406387 -22.258154 -14.132339 -12.550129 18.930378 13.332049 11.469348 4.2492447 -14.029629 -13.286031 -2.01292 -4.2095265 11.943357 -1.1691715 -1.6206964 -6.3333282 -10.1638775 -18.004118 2.7336397 14.288481 15.186295 44.091557 -42.956715 -3.6642911 -89.86027 -7.342885 -113.57973 -45.883675 -289.5391
98.35183 -44.971188 23.552118 1.6583066 -7.413606 0.69635135 2.152307 1.6721394 3.2970169 -0.8702391 -4.7265663 2.9423208 3.501522 -2.0817213 -3.029713 2.8031578 -4.0801783 1.5966617 2.9316437 -2.0200555 -7.8986187 0.17462948 -2.0659318 2.815151 0.6725321 -23.841293 -30.043686 5.650645 52.98807 -68.03399 134.5737 -358.67392
5.85051e-08 1.8068565e-07 2.5752001e-08 2.3322342e-07 -46.06771 -46.067707 3.609605e-08 1.0051921e-08 1.3853757e-07 1.5908182e-07 -3.7410473e-08 5.1568993e-08 -8.461698 -8.461689 1.1784444e-07 4.927347e-07 -1.1784444e-07 4.927348e-07 -1.2588981e-07 2.7072646e-08 -2.9094518e-09 5.1568964e-08 -16.584595 -16.584593 -3.6096072e-08 1.00519255e-08 -3.3130323e-08 1.470373e-07 -4.9040974e-08 2.3322323e-07 -414.60666 -414.60666
72.26731 -79.63822 -16.282244 9.239459 11.550679 4.6285605 0.5671048 0.092056066 -1.9773326 -1.375858 3.0432737 0.25241333 -3.5699096 -2.6858056 0.9860817 -0.8542697 -5.370977 -4.034532 -1.1232803 -2.1885674 -3.8233163 -9.497223 7.9035854 0.50354636 -11.874782 -8.909418 7.8826947 -18.914293 -38.70724 -2.07972 243.53685 -306.64722
111.05501 -28.209204 1.8572545 -21.205997 -1.4339598 -1.6703118 0.66921407 -0.20094076 0.081943646 0.88937604 -0.7633645 -0.0803236 1.018258 2.706323 -0.56695914 -1.0389706 3.63095 1.5767066 -5.0173235 -0.5884405 -2.9777966 7.0290956 3.868708 0.34897345 -10.412754 -9.911136 -9.723516 16.026031 75.356575 -29.900726 25.053009 -372.38107
90.27787 -56.05397 27.92667 37.65709 -10.924474 4.1982226 5.0500436 1.3374536 -5.502815 0.04582043 3.4433596 -4.49972 2.4197102 -3.1760602 1.8494726 -3.9743733 -4.5200276 -7.0006914 8.084672 -9.98289 2.8118815 -0.93203545 1.9331641 -3.74911 10.909006 0.333991 -8.566719 23.094048 -55.11419 -91.78933 273.99042 -198.40958
91.6884 -27.359192 0.8576857 2.0833073 3.4665778 2.4613948 0.42009512 -0.124075994 0.0014849653 3.441886 -0.94740367 0.18475956 -1.3622935 0.9182671 0.16501921 -0.011533486 0.4914355 0.47072026 -1.4472542 1.6612928 0.1711158 -0.2131539 -5.2585044 -0.3897165 -0.9450455 0.95604414 -16.316977 -23.007572 -2.4088721 1.6487509 142.46983 -398.70724
111.613785 -78.916695 -7.3934546 -22.520185 -1.2052625 -9.470893 2.3842037 5.238631 5.967469 -9.279385 -5.14654 2.216077 5.276395 -0.917278 -3.9112434 -2.4567869 -0.4996577 1.6836708 3.193238 -5.8625503 -8.137324 -2.9146035 10.683731 -4.3385267 -16.131523 -16.639603 11.938161 -0.81046426 -23.822535 -42.9799 267.7544 -203.34203
176.45558 -42.438705 10.498168 -61.902145 2.290081 5.422693 12.37965 -5.976396 -2.0045834 -4.3150277 3.5353808 1.0401253 0.28259885 -1.0831735 0.34910116 0.010413348 1.589845 0.008549232 5.4029765 -1.0341768 -1.9247279 -9.782682 1.0118035 4.674742 11.935252 -15.997317 -15.13275 -20.998064 49.006824 6.9084635 76.08491 -318.1782
163.66176 -99.19224 -15.388597 -35.723736 9.03745 13.65838 3.3293738 -6.1980004 3.741548 4.370115 8.801278 -1.7021632 5.1655464 -2.2489054 4.9929414 -4.0715623 6.356722 -6.1440887 0.1611492 -1.9697486 5.3306546 -6.312957 -7.4807954 -8.573117 2.0654204 6.2497287 -10.67662 -18.432043 -30.250515 28.78922 180.25667 -324.59515
113.07808 -59.972847 -6.7893677 -56.574608 20.415596 -3.0649502 -0.9412888 -3.4247952 -6.36047 -2.4249907 5.3911457 -7.3438363 2.8826935 3.5257983 -1.530371 1.0013319 -2.6730838 1.4935342 -6.86595 -4.143669 9.113834 -0.696512 -2.1171963 2.8449607 -7.674401 7.283949 15.528465 -38.947845 13.666981 6.7855034 237.6495 -226.0664
145.569 -103.620674 -8.369922 -35.834995 13.285481 -8.694662 4.6188626 -5.917715 2.0040994 -7.2048955 0.6939755 3.6902325 3.9549356 -4.5713577 -2.4869733 3.1266935 -4.4388556 3.1431546 5.530729 -6.9278703 -6.7881556 -2.3112147 6.6055756 -7.331526 -11.762999 -7.509823 8.835579 -16.234957 -34.469227 -35.712143 206.37877 -293.61728
154.28293 -60.674713 -10.847852 -39.913616 9.377262 -0.56295353 8.081935 -12.295805 1.5359625 1.2272742 2.2388535 -0.29982865 -0.80172104 -0.34174362 1.4260396 -0.83562624 0.05418352 -6.0436974 -1.0617552 0.86768365 2.5477955 -5.298763 -10.441421 -9.041463 8.908255 -8.62286 3.981249 -33.892666 -1.3721768 11.82129 166.25381 -329.802
83.628075 -83.16921 3.6347735 -10.588621 -1.4910535 -10.989952 3.9288385 24.345377 23.543364 -8.527985 -2.1734223 -12.129337 3.6016374 -2.0790577 1.6095401 -9.977979 7.661604 -0.6727926 5.7238927 1.50814 8.502911 3.3630378 10.254209 -12.763608 -45.605137 -3.4682949 10.578175 7.543971 -86.322876 -40.61673 193.16635 -255.1413
128.61464 -57.41668 0.60939515 -32.218166 9.685098 6.9970746 6.790844 -7.626816 -1.0564736 0.5206016 4.333221 0.31288612 -0.062478144 0.8206618 1.2338789 3.4896674 1.3209974 -3.2238853 0.99977887 -0.5252202 6.0835733 -3.8719323 -0.838032 -3.0288131 9.057225 3.97233 0.123487525 -13.822112 -34.998936 20.563341 91.91031 -303.37415
5.85051e-08 1.8068565e-07 2.5752001e-08 2.3322342e-07 -46.06771 -46.067707 3.609605e-08 1.0051921e-08 1.3853757e-07 1.5908182e-07 -3.7410473e-08 5.1568993e-08 -8.461698 -8.461689 1.1784444e-07 4.927347e-07 -1.1784444e-07 4.927348e-07 -1.2588981e-07 2.7072646e-08 -2.9094518e-09 5.1568964e-08 -16.584595 -16.584593 -3.6096072e-08 1.00519255e-08 -3.3130323e-08 1.470373e-07 -4.9040974e-08 2.3322323e-07 -414.60666 -414.60666
5.85051e-08 1.8068565e-07 2.5752001e-08 2.3322342e-07 -46.06771 -46.067707 3.609605e-08 1.0051921e-08 1.3853757e-07 1.5908182e-07 -3.7410473e-08 5.1568993e-08 -8.461698 -8.461689 1.1784444e-07 4.927347e-07 -1.1784444e-07 4.927348e-07 -1.2588981e-07 2.7072646e-08 -2.9094518e-09 5.1568964e-08 -16.584595 -16.584593 -3.6096072e-08 1.00519255e-08 -3.3130323e-08 1.470373e-07 -4.9040974e-08 2.3322323e-07 -414.60666 -414.60666
134.40361 -76.023384 -13.444292 -40.935974 18.149881 3.9724982 4.5304904 -5.6793075 2.3043404 2.625554 2.831098 0.50229985 1.4803306 0.19648334 0.9871015 -0.35431263 0.9153001 -1.7492694 0.27060694 -1.9688925 -1.3430172 -3.837959 -5.211633 -3.3151052 -0.89635503 -4.8670645 -10.862286 -29.606903 31.715479 9.683352 135.8916 -319.77032
170.53285 -133.4697 -12.599471 -19.839563 14.078682 -8.554181 -0.2828768 -1.5812191 1.8092232 -4.3119817 0.31567687 -1.0358481 -1.9035593 -3.5928903 0.3768445 1.1340396 -4.1111093 -3.0464816 1.7014602 0.30052865 -2.920682 -4.983136 3.321378 -7.306978 -3.003324 -7.976592 12.83688 -23.916008 -28.076473 -29.201458 215.71538 -243.57925
131.99016 -86.113174 -7.444607 -12.591301 18.875673 -7.541242 -1.6879189 -2.0792208 6.834081 -1.2837061 0.06177773 -0.93773353 2.9386828 0.028647806 0.17378783 -0.23102424 -0.3211166 0.021791771 0.88204694 -6.083763 -1.6753514 -0.5037368 4.465958 -10.249694 -2.9099553 -1.5819244 11.875006 -20.916069 -16.58966 -11.5147915 235.09215 -227.8946
132.34192 -65.32306 -7.2915325 -22.35422 13.479709 1.0866823 0.42071405 -5.9582353 1.4416543 1.823834 0.73930174 -1.697796 0.2424234 0.6347614 1.1882532 -0.7708135 1.7792255 -1.4711219 -2.8556085 -3.6546934 2.6797783 -0.6813988 -0.8246624 -11.202366 4.331138 0.7351901 9.044147 -30.531666 -12.355321 -5.5190363 220.17738 -263.49957
44.261044 -1.9322879 5.6343656 21.824696 9.488937 -4.328997 6.573645 0.1398794 0.61234057 -8.636072 -0.49886343 -1.3218008 -3.208887 2.67136 1.0959386 -2.7281766 -1.0178586 0.047663935 1.5549315 2.5614479 2.2356362 -0.22330332 -2.7088473 -3.7187238 2.070129 -22.72349 32.30571 -4.5342793 -34.649063 -17.157063 -39.922153 -436.439
2.4622126 1.1610953 0.54127276 1.0925193 -0.8820446 0.04964404 -0.022722965 -0.20182467 -0.6694655 -0.21411528 0.19439417 -0.27576172 -0.1300181 0.32355943 0.19513805 -0.20564677 0.12569489 0.048961956 -0.16768934 -0.042381745 -0.08518582 0.1293949 0.12881427 0.23444185 0.42938015 -0.8979932 -0.52257735 -0.27833295 0.34194735 0.36220333 -52.476776 -481.0099
-13.540624 9.628995 -5.6508064 1.2458928 0.66747284 -3.3919284 3.4260893 0.08821539 -0.80006367 3.3249311 -1.1211357 -1.8117682 0.73239005 -1.3195906 0.24257438 0.9704021 -0.2433732 -1.1551107 1.7185543 -2.487893 -0.10533121 2.145378 -6.667949 -1.1236886 -7.2544713 -9.23201 -9.645217 -23.757502 2.7972026 -60.8162 85.74538 -422.216
7.5605135 -3.6832643 5.4490542 -4.375262 -4.4240575 0.4249056 1.3510035 3.8873 1.8118793 -1.7451026 -1.4556587 0.6517873 0.035267647 2.279011 -0.50741124 -1.5168957 3.465377 -2.9579704 1.3985318 -3.6848953 -2.515253 -5.9557433 -4.360136 -1.6058301 3.1772358 -4.3438764 4.3243694 0.9590363 70.835815 56.111893 -128.54358 -372.3542
18.14184 5.5830755 9.632614 -5.3174953 -14.581565 -3.5428884 0.87587327 -3.0725625 -1.4337898 -2.0085607 -8.067516 -0.41537887 4.70157 4.2819347 4.378094 -4.0463796 1.4322089 -13.285219 -7.248553 -0.50987226 -3.7155004 9.998947 -13.32614 4.8941097 -7.1688576 9.179919 53.609814 -17.266966 -88.798454 56.106804 52.326916 -410.3844
31.259127 -24.467001 4.1486406 -6.0687923 -3.4344463 -5.2330623 1.3916379 -0.66690105 4.4301186 -9.804897 1.7541002 -0.026706778 3.7109094 -0.8445964 0.09131276 -2.953923 3.3166378 2.3982456 9.143547 0.31574446 -0.2611452 2.5423465 5.663677 10.498143 18.621103 0.20136192 31.189812 -20.210867 15.969624 -54.79651 -256.57028 -345.23425
-18.639032 14.691274 -0.036486544 3.8543355 0.8766833 0.95914227 -1.159039 2.0357552 1.565698 0.56025803 -0.7747564 0.20637876 0.17062208 -1.6525252 -0.4451912 -0.31891015 0.07907392 3.8932176 -1.4572644 -4.6550207 0.8383041 -2.8459127 -0.9190894 -1.3354203 -3.044237 -7.40567 -23.247211 -27.357204 34.075703 -80.57175 -20.569744 -399.45862
1.9057964 4.6279364 -1.5754977 3.5345988 -1.2999777 -8.764228 6.3634377 -2.2171452 -3.1988156 -1.5440896 1.3198816 -1.0049887 -4.2922287 0.09948983 -0.8766637 -3.119723 0.16600578 0.91602254 -4.625794 2.028074 4.6627336 1.6920438 -1.2746446 5.6642914 -2.3368073 -9.585703 2.636313 -7.8527403 1.9927793 -8.225888 54.162697 -449.39792
4.1900477 -8.833676 2.9516582 -2.1691313 1.8370484 -3.364903 1.6595056 -1.0816834 1.6368799 -0.45320085 2.3689902 0.14483047 0.9997572 0.28137782 0.6178167 0.9314799 -0.16529141 0.1003485 0.8961885 -0.8634706 0.62013686 -0.28067186 1.695672 -0.44008273 0.6180197 1.6646956 2.37591 2.1743553 -1.0266525 7.594293 22.674728 -415.11194
115.17861 -174.76242 0.0479012 20.300138 6.013556 -9.633696 0.75587493 5.126456 -2.7078516 -0.64845365 -0.62672466 4.7377195 -0.7914212 1.3474205 -4.024472 0.9604977 -3.158553 -4.68452 0.32044822 -0.26763466 -5.469056 -10.4143715 1.7255582 -3.6331425 -13.013946 -12.18162 17.78782 -14.543061 -35.136326 -12.906147 270.90646 -177.76747
173.6654 -145.79073 3.374475 -6.764147 17.00578 -2.9287922 0.46072334 -1.6502744 2.8411152 2.9717112 0.7580123 -1.2923907 1.6212943 0.91513956 1.1700662 0.7755095 -1.2761585 1.0272661 -0.10681351 -7.586332 1.9188511 -0.57499343 1.8851954 -15.14607 2.7738702 -4.4487705 14.176187 -36.636047 0.47655222 -6.790021 197.64885 -257.66562
167.3403 -109.54338 30.291119 -23.063564 -4.5713687 11.20404 15.379005 -11.706728 -5.3915415 10.293637 4.667672 -7.9977846 2.7702315 5.724736 -4.745713 -2.86126 -2.1354551 -3.1441422 -2.017278 -3.1947722 6.2500353 -7.099638 -14.278262 -5.14717 31.540493 -16.439098 -29.302197 -17.080439 61.900547 -35.716133 181.82492 -247.90924
162.88564 -127.361534 1.4935486 3.7530167 16.850061 -7.9609976 0.84447974 1.9703584 7.8417583 -3.8442013 -0.22514018 0.18644401 -2.7686205 0.693948 0.024493821 -0.9339551 -1.2826111 -0.97080654 1.4092337 -5.4653716 -0.8349456 -0.47818318 6.341263 -11.068344 -1.6234375 -1.659745 12.854011 -21.269564 -4.8439803 -1.7463527 219.97865 -234.51773
176.1535 -105.408844 0.22330438 -16.608831 20.011953 2.254519 0.034459725 -1.8655629 4.0512786 5.3826036 -0.8501453 -1.1897327 -1.0397459 0.42101675 0.3871034 -0.073844254 2.5116158 -3.83452 -3.7217765 -1.6542714 5.3435926 0.104970925 -9.2198515 -10.47318 6.0775785 1.593793 -4.6159797 -40.240925 29.65553 4.189666 166.47345 -302.60986
199.59479 -14.301053 -11.529931 -27.095432 12.269369 6.5059266 8.675216 -1.2897372 -5.1326685 3.4068336 -0.2877377 -0.8678124 -1.855307 -1.7177769 -0.58790743 -0.5150486 0.5194143 -5.5856004 9.22714 -0.22491455 4.94201 -5.2395587 -2.7293704 7.2763495 11.410407 -10.383216 -6.0960326 -20.163223 47.098557 31.917099 74.359055 -312.0052
0.46446908 -0.612856 0.4457115 -1.1743467 1.9767102 -1.2768697 0.37074903 -0.57567436 0.28827825 0.3671279 0.47065207 -0.17486987 0.3330829 0.50244 0.30208963 0.22715232 0.060297955 0.2962214 -0.04453236 0.72893494 -0.019656051 0.16947718 -1.0230392 0.2158654 0.30485108 0.3929516 0.43169454 1.1041584 0.4822536 2.1094975 6.575824 -466.05328
12.639146 16.411001 12.609656 -13.594945 -12.046128 -11.3703 -8.5329685 7.365365 7.0675893 3.3649 1.9412898 -7.1163445 -7.7667236 -0.50137675 0.817269 5.8498263 -1.9498328 5.809981 5.838989 -1.5325973 -3.5894933 -8.621735 -14.159245 5.9545665 5.4235873 15.340442 15.622409 -10.701582 -66.87374 -49.44148 158.87625 -426.51633
9.192425 23.944506 39.260384 -0.8195845 14.661055 -15.898618 -8.222649 -1.1587341 1.7085297 16.307112 13.430701 8.569692 3.7798808 -3.4219708 -5.190271 1.2324165 7.1884027 -3.5761938 5.3173246 -11.81413 -4.441051 -8.052795 6.554234 11.175755 37.90378 8.481919 31.980694 -23.639046 -77.28545 38.956966 76.07135 -440.92984
10.010227 8.19922 -8.606571 3.7893968 -9.595063 -5.9794126 0.15207621 -9.722814 3.077418 -2.832295 0.14620866 0.9115355 -2.4378786 -1.6997442 -1.1499667 -3.298421 1.0698272 -0.07904548 4.0861664 -0.73592144 4.971317 3.3465574 1.7939625 7.3603334 -3.080096 2.8633165 4.8512077 -3.6404035 36.32398 8.180902 -200.92143 -410.0772
0.24417005 10.26461 1.9357567 2.8586445 3.4599755 0.6751993 1.2459391 -2.5518692 -1.4337198 -0.33994585 -1.2254063 1.5647954 0.49439928 2.6285903 1.1368964 0.20121545 -0.88998723 -0.9662929 -1.9136373 0.7120081 -0.064712204 1.9565372 2.7355964 1.2835145 3.0032067 -3.4003596 -4.751385 -4.9178615 -15.909505 4.9966216 0.39866456 -441.1479
-9.302396 35.082813 1.8372896 -10.95952 5.562702 -10.104641 -5.9354477 9.285625 -3.5259826 3.519286 7.297759 -4.9668126 -0.4375839 0.12652197 -6.205805 1.4882506 6.1476493 2.386947 -4.4190626 -3.0594664 -7.463418 -6.279758 7.2179585 8.278318 2.687652 6.01606 -10.5611725 -34.81084 18.480562 7.5677013 -39.57752 -430.67795
-43.473476 0.50022095 22.247236 3.7789097 -8.700786 6.362453 1.4809526 -6.699573 -4.010604 9.275412 -1.981756 -9.332632 8.04874 3.1493454 -5.4904265 -2.7249322 2.3992434 6.0924973 -8.513725 -3.902243 7.2360687 3.3552394 -5.201634 -0.40826377 12.934288 -17.168512 -29.56658 33.41226 47.357605 -25.099974 -90.054146 -387.12518
-0.24048747 6.1008325 0.2326382 0.66429424 2.1579275 -0.76719964 -1.8235753 -2.2708983 -2.8616831 -1.403244 -0.9825413 0.3304879 0.29037935 0.34495124 0.29402044 0.048026256 -0.43443674 -0.28231016 -0.22395842 -0.1487822 0.37083477 0.0600108 -0.050456338 -0.30429742 -0.61448073 -0.03928899 -3.5686562 0.3735076 0.48250508 0.115253605 -70.36677 -461.1141
-23.69506 -23.875805 -13.046443 -3.2597377 -4.828259 -0.906548 -0.97866166 -2.6346319 -2.0334175 -4.590086 -7.09955 -2.5877106 -8.732459 3.9145133 -4.8819227 8.019973 -7.8021564 -5.1544785 -9.475678 -0.07188988 -5.8364525 3.8606675 -1.8920839 1.6338807 -6.5793276 -5.433505 -24.37631 -3.688024 -75.03208 39.328793 212.83466 -398.65793
189.27277 -175.58655 0.28350198 -0.12114841 22.126091 -18.328161 -0.48144943 -0.22558144 7.780643 -6.0607047 -0.28747842 0.35457492 4.29737 -2.4768012 0.17482314 -0.0010616886 0.40665156 0.124316216 3.5906024 -4.6191726 0.37929952 0.5369413 7.7095046 -9.179977 0.38454065 -0.107985504 19.62585 -22.680119 -0.34593967 0.44815642 197.14288 -192.7105
133.22536 -178.3208 22.692614 10.7831745 6.484016 -14.219225 14.993366 1.9168854 0.978935 -6.1379066 7.173506 -0.96103567 0.9334806 -0.95599294 3.6282606 -2.6127243 3.8333874 -4.485461 -0.017905792 -0.7984888 0.65237564 -7.8960795 7.6716037 0.11579786 -1.0905757 -19.281286 19.81392 -8.609551 -16.219833 -36.626434 248.5276 -168.8866
213.5468 -144.63414 -14.789979 -0.95714235 20.15795 -9.182336 -6.967965 -5.3524237 6.48643 -3.8505588 -0.62126094 -6.085635 5.3398705 -2.0191624 2.7808743 -2.9648137 3.278651 -3.2511573 2.1507325 -8.26128 8.31875 -0.5576726 5.7486644 -10.400778 8.809559 6.0292325 12.320015 -22.210396 1.6479135 17.099075 163.81757 -239.58513
179.40547 -150.16165 5.905934 25.298082 21.059967 -7.063042 -0.7955313 5.1249523 2.4203556 0.3222946 -1.8777125 5.355122 1.0408806 -0.3449786 -2.096544 -1.2981572 -1.4261595 1.9474428 3.8917286 -3.997216 -5.6031036 0.82872033 5.0644183 -8.081859 -9.371332 -0.65960526 17.087446 -32.82958 -30.675123 -10.092292 195.30719 -215.68788
200.41225 -197.81978 2.008503 1.5067029 20.787016 -22.224598 1.612994 -0.18493395 7.2096343 -6.494525 1.1633502 -0.11374329 2.679717 -3.0826926 1.1228346 0.5822459 0.24928182 -1.2457874 3.9788148 -3.990067 0.3823925 -1.9429357 8.103738 -7.974169 -0.75833243 -3.0105999 21.70963 -24.80399 -2.5235865 -5.8605804 217.0513 -215.9876
173.96898 -154.28638 0.56092066 -0.5638837 18.508476 -15.063062 0.030040896 -0.5016551 7.666209 -5.284952 -0.37424543 0.22191666 4.1002045 -2.7756014 -0.03174677 -0.007179669 -0.18003125 0.14064826 2.9835236 -3.7475805 -0.25550655 -0.7358489 6.380468 -7.5807934 -0.17923725 -1.2970301 21.632547 -23.544573 -1.0440906 -0.48839694 205.18463 -200.60739
152.86172 -202.27254 1.8028445 7.2773175 10.509602 -20.938747 3.9083345 5.9463773 3.4955611 -5.342138 4.365647 4.3640094 1.657595 -2.3870761 3.0782492 1.5482048 -1.524512 -3.8549645 4.1767273 -1.7971668 -2.5261877 -3.7163634 7.5839515 -2.4428496 -5.3421235 -2.9155161 21.211857 -9.779168 -11.893681 0.2129852 233.21968 -164.09547
189.53351 -173.78542 -1.2717686 -0.28537554 24.782295 -19.98484 -0.83836204 1.3783413 7.6739545 -5.5398183 -0.16051064 0.14639917 3.6049595 -2.303096 0.10963285 -0.020233616 0.32420108 -0.19909054 3.1740155 -5.8109903 0.25376996 0.38942257 6.5826426 -11.226096 1.3229103 0.80803525 17.223097 -22.78702 2.419067 0.8260456 204.7249 -216.9066
186.71259 -153.93678 -0.864212 1.0077667 25.92958 -15.499882 0.39701796 -0.034341924 9.079575 -4.6817465 -0.17643863 -0.11597971 3.624777 -1.9027308 -0.17569077 0.35165837 -0.14947794 0.341344 3.2373416 -5.3887844 0.53978974 0.035289317 7.1085377 -8.310444 0.15517603 -0.57853574 16.943989 -21.055965 -2.8604124 -1.4349833 199.97571 -203.13766
168.7289 -183.445 0.5131858 6.7106733 17.304848 -17.698809 2.5390973 3.7643175 5.933884 -4.993762 2.3609517 0.9142598 2.5547888 -3.0509045 1.5711975 -0.12705581 -0.46339124 -2.5066798 4.531041 -4.2162395 -1.7302951 -3.5693638 8.610622 -8.30558 -3.9333234 -4.63398 20.53349 -18.980852 -7.512096 -4.4656663 207.33495 -188.76044
177.33002 -169.3336 1.2399307 1.1897937 20.009314 -17.525602 0.73851883 0.44626096 6.657995 -6.046153 0.560159 -0.08341079 2.9989474 -2.60374 0.44201034 -0.16503501 -0.24853663 0.20303956 4.186307 -4.944681 -0.3680754 0.123006396 6.9275737 -8.878902 -0.30832952 0.24278468 20.586329 -22.50979 -0.24111281 -0.4195687 197.17627 -200.73447
