5.894098266796997665e-01 1.311041361192571086e+00 1.415571611833154719e+00 9.332556526257310692e-01 1.000000000000000000e+00 1.000000000000000000e+00 1.000000000000000000e+00 7.853981633974482790e-01 1.600000000000000000e+01 7.989784193405595567e-04 3.702845517738968164e-09 6.255584265392200000e+13 4.383709352056836800e+16 8.252564247743800000e+13 8.254232255704400000e+13 4.395564570689276800e+16 6.456550271615093600e+16 6.414636767920357600e+16
6.134848901477701899e-01 5.994385004276635565e-01 1.297475894807036845e+00 9.466260815006564133e-01 1.000000000000000000e+00 1.000000000000000000e+00 1.000000000000000000e+00 7.853981633974482790e-01 1.600000000000000000e+01 7.484188811555888589e-04 1.188704567090204972e-09 6.501561007470200000e+13 4.526424155896486400e+16 8.630343619320400000e+13 8.623276345189400000e+13 4.514810542649018400e+16 6.685310059222656000e+16 6.708677164855904800e+16
4.585938016130823303e-01 1.092404004765396897e+00 1.991447712433613182e+00 9.156508102913307745e-01 1.000000000000000000e+00 1.000000000000000000e+00 1.000000000000000000e+00 7.853981633974482790e-01 1.600000000000000000e+01 9.243481544821186870e-04 8.948471078768872423e-09 5.775877579005400000e+13 4.124354833418998400e+16 7.611345167080000000e+13 7.690408427787800000e+13 4.140431631826717600e+16 6.085385900790692800e+16 6.013348071147013600e+16
4.583279943814155821e-01 1.330921042583089298e+00 1.898699638216058361e+00 9.189498315113785454e-01 1.000000000000000000e+00 1.000000000000000000e+00 1.000000000000000000e+00 7.853981633974482790e-01 1.600000000000000000e+01 8.461088916543624706e-04 3.648385924148432444e-09 6.075351189454600000e+13 4.287195997614627200e+16 8.065546166983500000e+13 8.089423351166600000e+13 4.297820544882020800e+16 6.362330954679366400e+16 6.323393952302724000e+16
4.875408583260141260e-01 1.007297012463344021e+00 1.934991839512561596e+00 9.166074799537934359e-01 1.000000000000000000e+00 1.000000000000000000e+00 1.000000000000000000e+00 7.853981633974482790e-01 1.600000000000000000e+01 8.837270015662405769e-04 5.345580016993378124e-09 5.888312389843000000e+13 4.189570006966712800e+16 7.878508028757600000e+13 7.810482881974200000e+13 4.179787857182164800e+16 6.153390957770748800e+16 6.208935247647271200e+16
4.626264823317914332e-01 7.788883033968720948e-01 1.833425229588331318e+00 9.343692706212908261e-01 1.000000000000000000e+00 1.000000000000000000e+00 1.000000000000000000e+00 7.853981633974482790e-01 1.600000000000000000e+01 8.298374150968277230e-04 2.733309451949329049e-09 6.119473345566000000e+13 4.283040112292836000e+16 8.011154734895200000e+13 8.300271669286300000e+13 4.336204801151729600e+16 6.525436410526425600e+16 6.263567557992831200e+16
5.775908810723197062e-01 2.973507759042035570e+00 1.708914295984390375e+00 8.735735658286249983e-01 7.898739414039088746e-01 2.672112591453913222e+00 7.541588098033691345e-01 2.796765491995600317e-01 4.493179943160905054e+01 1.572770414803207218e-03 1.097619084798808890e-06 7.992607038803000000e+12 3.784262307101525000e+15 7.793645009292000000e+12 1.191741407682700000e+13 4.528639201650595000e+15 7.708594773269533000e+15 4.306656499680578000e+15
4.803362184152862313e-01 2.459835884042037790e+00 2.041795993241596108e+00 8.321360713644158080e-01 8.666187133578504564e-01 2.083465417804344355e+00 7.652008263216087958e-01 3.493308401334017099e-01 3.597269170268606331e+01 1.374464359214507036e-03 7.762018073212890921e-07 1.084886591263600000e+13 5.804217557094980000e+15 1.399519751858800000e+13 1.284590071940600000e+13 5.584746983741848000e+15 7.755574491016308000e+15 8.746320188237380000e+15
4.091982944415503143e-01 8.750591856060611073e-01 2.179057398640761978e+00 8.919505157811482565e-01 1.000000000000000000e+00 1.000000000000000000e+00 1.000000000000000000e+00 7.853981633974482790e-01 1.600000000000000000e+01 8.215834106828521707e-04 1.515233534439162940e-09 6.230275449217500000e+13 4.386699838383041600e+16 8.323256809000900000e+13 8.322723514318900000e+13 4.374797028119317600e+16 6.520385380649003200e+16 6.544276300186120000e+16
5.957232066775913770e-01 8.328483932062563655e-01 1.501467902290137157e+00 9.105770537305437617e-01 1.000000000000000000e+00 1.000000000000000000e+00 1.000000000000000000e+00 7.853981633974482790e-01 1.600000000000000000e+01 7.686268810959704994e-04 2.415872682507733477e-09 6.380787233793700000e+13 4.457695618798312800e+16 8.425028035294300000e+13 8.434075002725600000e+13 4.450137217754214400e+16 6.544630076107819200e+16 6.554679974400548800e+16
5.591208641164726600e-01 7.213226646505381812e-01 1.661721290646288818e+00 9.024409075601256269e-01 1.000000000000000000e+00 1.000000000000000000e+00 1.000000000000000000e+00 7.853981633974482790e-01 1.600000000000000000e+01 7.345948905712961592e-04 8.754373189487283861e-10 6.551545651296900000e+13 4.544392941586397600e+16 8.684895323642800000e+13 8.717617029644600000e+13 4.540193894983464800e+16 6.748989794414516800e+16 6.737188233180450400e+16
5.079883125638416930e-01 1.477417827468229472e+00 1.867337891063022504e+00 8.812351130594261450e-01 1.000000000000000000e+00 1.000000000000000000e+00 1.000000000000000000e+00 7.853981633974482790e-01 1.600000000000000000e+01 8.307016920312685401e-04 5.114239601101446188e-09 6.092339588105300000e+13 4.302488613348504800e+16 8.046462173688500000e+13 8.035338080585300000e+13 4.290419159131637600e+16 6.275294094786529600e+16 6.297488717347096000e+16
3.112292632577820517e-01 1.025125244379277323e+00 2.466710343150316564e+00 8.791957945555208820e-01 1.000000000000000000e+00 1.000000000000000000e+00 1.000000000000000000e+00 7.853981633974482790e-01 1.600000000000000000e+01 8.405014439770532638e-04 3.537002443156694718e-09 5.916067166378700000e+13 4.151500282785446400e+16 7.783453530967100000e+13 8.009662200281700000e+13 4.175810705102267200e+16 6.265408474346039200e+16 6.078575832995915200e+16
3.563736118623972438e-01 1.984531555474094544e+00 2.214218181326280011e+00 9.010802431589015615e-01 1.000000000000000000e+00 1.000000000000000000e+00 1.000000000000000000e+00 7.853981633974482790e-01 1.600000000000000000e+01 9.760996256040756170e-04 1.630290822597118589e-08 5.467915079876600000e+13 3.930310219388100000e+16 7.084423181576000000e+13 7.341739911922900000e+13 3.931548303827374400e+16 5.795865938190789600e+16 5.621871454148532800e+16
4.599729084173275750e-01 1.667976386852394910e+00 1.624102481472270210e+00 9.134883035006262642e-01 1.000000000000000000e+00 1.000000000000000000e+00 1.000000000000000000e+00 7.853981633974482790e-01 1.600000000000000000e+01 9.112000406815848677e-04 2.932176004921783031e-09 5.820139988568800000e+13 4.107625882772877600e+16 7.679358577143800000e+13 8.014470372221900000e+13 4.181227663745421600e+16 6.378830252235469600e+16 6.055158033553952800e+16
3.877666070704130497e-01 1.809491080156403475e+00 2.388371297701278984e+00 8.562437395005727536e-01 1.000000000000000000e+00 1.000000000000000000e+00 1.000000000000000000e+00 7.853981633974482790e-01 1.600000000000000000e+01 9.124532596362127301e-04 5.796428700835776270e-09 5.916389237056000000e+13 4.214250368161806400e+16 7.811603612117000000e+13 7.877707525027900000e+13 4.227625461526592000e+16 6.245570346701627200e+16 6.180049841933060800e+16
4.749512068864986669e-01 1.144966550586510090e+00 1.896542058408313025e+00 8.981811179646590482e-01 1.000000000000000000e+00 1.000000000000000000e+00 1.000000000000000000e+00 7.853981633974482790e-01 1.600000000000000000e+01 8.646171795089339007e-04 6.499845655766051787e-09 5.997231686332100000e+13 4.256083836102136000e+16 7.917717331612300000e+13 7.910226283024900000e+13 4.249777597541885600e+16 6.210334512237108800e+16 6.221556346777700800e+16
5.592087168300824418e-01 9.282088144550342257e-01 1.416588457029562376e+00 9.374880198595920699e-01 1.000000000000000000e+00 1.000000000000000000e+00 1.000000000000000000e+00 7.853981633974482790e-01 1.600000000000000000e+01 8.376059312982898431e-04 4.842263963360945719e-09 6.024124594176500000e+13 4.251911366546334400e+16 7.955471992962100000e+13 8.016317943414500000e+13 4.250841102200422400e+16 6.271509233500016000e+16 6.226447343883173600e+16
4.836927843666102289e-01 2.269307872067449328e+00 2.177666753841051239e+00 8.218786520698339038e-01 7.189684545485613976e-01 3.174624401498475912e+00 9.631300118731060955e-01 3.816691659907524570e-01 3.292477290309494720e+01 2.046943686355013475e-03 2.874282847694103992e-06 9.572716724160000000e+12 5.123049274483046000e+15 1.255691565050100000e+13 1.247729667126600000e+13 5.200802546552250000e+15 8.297728072276244000e+15 8.223477785295077000e+15
4.775247643683439014e-01 1.819944021871945594e+00 1.916121532845321385e+00 9.061119181057344374e-01 1.000000000000000000e+00 1.000000000000000000e+00 1.000000000000000000e+00 7.853981633974482790e-01 1.600000000000000000e+01 8.816230925149607517e-04 9.203626921771366669e-09 5.915456755335400000e+13 4.211528396289184000e+16 7.766828003489600000e+13 7.780574552266300000e+13 4.205046178531581600e+16 6.112053932365668000e+16 6.103399678022887200e+16
1.247892013711224407e-01 1.657315340909094825e+00 3.323733627223128373e+00 7.770110918541095479e-01 1.000000000000000000e+00 1.000000000000000000e+00 1.000000000000000000e+00 7.853981633974482790e-01 1.600000000000000000e+01 1.246692912317625725e-03 1.155818464646241019e-10 4.458806093133400000e+13 3.201128571256600000e+16 6.223718526158400000e+13 6.405747422651300000e+13 3.228869958212368800e+16 5.180120397450688800e+16 5.034181823957651200e+16
1.259798604941628208e-01 6.349202712609967048e-01 2.898719612033149762e+00 8.536097847369099600e-01 1.000000000000000000e+00 1.000000000000000000e+00 1.000000000000000000e+00 7.853981633974482790e-01 1.600000000000000000e+01 9.872159311027379341e-04 1.572917604698109164e-12 5.254751905559700000e+13 3.704637725253712000e+16 7.246076782522000000e+13 7.263398299236700000e+13 3.709602569022540000e+16 5.754829749691680000e+16 5.747044023434604800e+16
9.852005758229105681e-02 3.290038107893457742e+00 4.029761661596754863e+00 6.939385843107064300e-01 1.000000000000000000e+00 1.000000000000000000e+00 1.000000000000000000e+00 7.853981633974482790e-01 1.600000000000000000e+01 9.895714383454186271e-04 2.907727302165582176e-11 5.154663763437500000e+13 3.600807717835875600e+16 6.968482461988500000e+13 7.272072449373100000e+13 3.655649547586683200e+16 5.763268502833809600e+16 5.500058811303868000e+16
1.637541636792841648e-01 1.253772605083089520e+00 2.998535026038279927e+00 8.317970492109001412e-01 1.000000000000000000e+00 1.000000000000000000e+00 1.000000000000000000e+00 7.853981633974482790e-01 1.600000000000000000e+01 1.109766904544861850e-03 1.116166844972673769e-10 4.962741764912400000e+13 3.520599711623431200e+16 6.740960888646200000e+13 7.090726094865100000e+13 3.598728204399450000e+16 5.720923396999984800e+16 5.398086377062052000e+16
1.120146891930409033e-01 2.964155478677906075e+00 3.934118209726583437e+00 7.181956139854993593e-01 1.000000000000000000e+00 1.000000000000000000e+00 1.000000000000000000e+00 7.853981633974482790e-01 1.600000000000000000e+01 1.079513258874173660e-03 1.551183854774843941e-10 5.036737928152000000e+13 3.561865350260275600e+16 6.893753230261700000e+13 7.122666329122600000e+13 3.616244820159722400e+16 5.715687223356564000e+16 5.496075409073055200e+16
6.730709665685824517e-01 8.124809078690131692e-01 1.203476060066691611e+00 9.367557216175848023e-01 1.000000000000000000e+00 1.000000000000000000e+00 1.000000000000000000e+00 7.853981633974482790e-01 1.600000000000000000e+01 7.579380296035104995e-04 1.406671346838985413e-09 6.429882371746300000e+13 4.474760255794169600e+16 8.504566606373800000e+13 8.578795279336200000e+13 4.481815786889848800e+16 6.667840899436030400e+16 6.604547584686636000e+16
6.677468385491729386e-01 4.733512035679375840e-01 1.221600389796225539e+00 9.330416015536440177e-01 1.000000000000000000e+00 1.000000000000000000e+00 1.000000000000000000e+00 7.853981633974482790e-01 1.600000000000000000e+01 7.035683171169059870e-04 4.879158386948744129e-10 6.703783027774900000e+13 4.625965099220966400e+16 8.922247003001300000e+13 8.869884408398300000e+13 4.618451222357062400e+16 6.843467077323234400e+16 6.885382761092395200e+16
1.317933020361534147e-01 2.443822359176442749e+00 3.689305695161373411e+00 7.676982497428642693e-01 1.000000000000000000e+00 1.000000000000000000e+00 1.000000000000000000e+00 7.853981633974482790e-01 1.600000000000000000e+01 9.285809753158345272e-04 1.014133854834546507e-09 5.328169631019600000e+13 3.681548884631459200e+16 6.974481721328300000e+13 7.614721832924100000e+13 3.801689707473939200e+16 6.009243761521797600e+16 5.459110181324382400e+16
2.614278888043632953e-01 1.296913184261976326e+00 3.066606468090037563e+00 8.113700136385278983e-01 1.000000000000000000e+00 1.000000000000000000e+00 1.000000000000000000e+00 7.853981633974482790e-01 1.600000000000000000e+01 9.391954821960979199e-04 2.561486987723838055e-09 5.517257839327000000e+13 3.905078937743908000e+16 7.383097002107000000e+13 7.639904056932900000e+13 3.935743449540128000e+16 6.034733812272848000e+16 5.858121901608978400e+16
2.459865004510052855e-01 7.132094635874877131e-01 2.570603962341210469e+00 8.926755266079275941e-01 1.000000000000000000e+00 1.000000000000000000e+00 1.000000000000000000e+00 7.853981633974482790e-01 1.600000000000000000e+01 9.978744161490962425e-04 6.502464443141979620e-09 5.344896251310700000e+13 3.805506594677920000e+16 7.020609846312400000e+13 7.423973265913100000e+13 3.861080316044022400e+16 5.908493724632911200e+16 5.577340709386520000e+16
3.160913062490064429e-01 5.197966306207236764e-01 2.432263908737058777e+00 8.970778808831565421e-01 1.000000000000000000e+00 1.000000000000000000e+00 1.000000000000000000e+00 7.853981633974482790e-01 1.600000000000000000e+01 9.278377232816458799e-04 2.361759323900981484e-09 5.714633084024600000e+13 4.083527803766559200e+16 7.818206308336500000e+13 7.676971371870700000e+13 4.059266100752265600e+16 6.090381432026700800e+16 6.209148090079588000e+16
2.083778577508425545e-01 9.532261882942334452e-01 2.722892234964205294e+00 8.570377711519105990e-01 1.000000000000000000e+00 1.000000000000000000e+00 1.000000000000000000e+00 7.853981633974482790e-01 1.600000000000000000e+01 9.470451912696653454e-04 1.416129092638789109e-09 5.396645210620300000e+13 3.807364349853989600e+16 7.296625360210300000e+13 7.480864758977400000e+13 3.827743702480681600e+16 5.906522340554379200e+16 5.776620232796789600e+16
2.697238033281034175e-01 1.034251282991202059e+00 2.623936852054041591e+00 8.715649423847693367e-01 1.000000000000000000e+00 1.000000000000000000e+00 1.000000000000000000e+00 7.853981633974482790e-01 1.600000000000000000e+01 1.001643711876490025e-03 6.197884586433710133e-09 5.332859046124300000e+13 3.818342359309679200e+16 7.126695420253800000e+13 7.314850881732100000e+13 3.837512619534576000e+16 5.824155813397880800e+16 5.667388656508565600e+16
3.102378455426647030e-01 9.545082248900300659e-01 2.481893555147857811e+00 8.766796309171189794e-01 1.000000000000000000e+00 1.000000000000000000e+00 1.000000000000000000e+00 7.853981633974482790e-01 1.600000000000000000e+01 1.039599391378475193e-03 4.749370790059450414e-09 5.215812848013100000e+13 3.765705864681110400e+16 7.115180444712400000e+13 7.185566900481300000e+13 3.749790633554920800e+16 5.722517952025110400e+16 5.722806013595495200e+16
1.603077003914512577e-01 1.390894199046920576e+00 3.150569294762206152e+00 7.959488469090756357e-01 1.000000000000000000e+00 1.000000000000000000e+00 1.000000000000000000e+00 7.853981633974482790e-01 1.600000000000000000e+01 9.230764561122585272e-04 5.985125031619171285e-10 5.591507604302000000e+13 3.929085054637074400e+16 7.529278526071200000e+13 7.706758262505300000e+13 3.966712639527238400e+16 6.097062244639796000e+16 5.938051512048252000e+16
5.139051456337888624e-01 1.122915139296188247e+00 1.746360147216326597e+00 9.179472821282217421e-01 1.000000000000000000e+00 1.000000000000000000e+00 1.000000000000000000e+00 7.853981633974482790e-01 1.600000000000000000e+01 8.095026468874943386e-04 2.694140039993459210e-09 6.016054433348400000e+13 4.210236837243922400e+16 8.002432342028900000e+13 8.074200926692600000e+13 4.217378555721220000e+16 6.299378781736694400e+16 6.231261103947083200e+16
4.822132615397571875e-01 1.196000771322092149e+00 1.906187679965521742e+00 8.949596171612255180e-01 1.000000000000000000e+00 1.000000000000000000e+00 1.000000000000000000e+00 7.853981633974482790e-01 1.600000000000000000e+01 8.506479304779146098e-04 3.247640722466256023e-09 5.678080449012700000e+13 3.968559550227604000e+16 7.532511781051800000e+13 7.769719147319600000e+13 4.005167217397415200e+16 6.080102774837215200e+16 5.877096648376032000e+16
4.769556406252616343e-01 1.235372563844086002e+00 1.866522009866334653e+00 9.065353891155784050e-01 1.000000000000000000e+00 1.000000000000000000e+00 1.000000000000000000e+00 7.853981633974482790e-01 1.600000000000000000e+01 8.442310526820609451e-04 3.687475243785846081e-09 5.752358163975400000e+13 4.057977458503118400e+16 7.794031136475600000e+13 7.641384489140700000e+13 4.023705438080465600e+16 5.951432657652182400e+16 6.103006955285243200e+16
4.774048970982003870e-01 2.096052510997069351e+00 2.174211539061390752e+00 8.708855162170554554e-01 1.000000000000000000e+00 1.000000000000000000e+00 1.000000000000000000e+00 7.853981633974482790e-01 1.600000000000000000e+01 8.158323030993466785e-04 2.835267525783390404e-09 5.763644712830500000e+13 4.023650943791531200e+16 7.696936635292300000e+13 7.776207962032800000e+13 4.020398017745843200e+16 6.030469733692098400e+16 5.973774466646722400e+16
4.850915945605239754e-01 1.647400797287389640e+00 1.775126243049140795e+00 9.316980108302705954e-01 1.000000000000000000e+00 1.000000000000000000e+00 1.000000000000000000e+00 7.853981633974482790e-01 1.600000000000000000e+01 8.402311430133422568e-04 4.005312587495857783e-09 5.958395851480100000e+13 4.214917149381496000e+16 7.959976369082100000e+13 7.926944954447700000e+13 4.177746576831300000e+16 6.174076773482381600e+16 6.264744023859596800e+16
4.493911136736954970e-01 5.269800449046926349e-01 1.871109656663090259e+00 9.172259662314588002e-01 1.000000000000000000e+00 1.000000000000000000e+00 1.000000000000000000e+00 7.853981633974482790e-01 1.600000000000000000e+01 8.160996694583867641e-04 2.541334050460443884e-09 5.977556675723500000e+13 4.180072453316628000e+16 7.925634692177300000e+13 8.080020302942900000e+13 4.197898200431350400e+16 6.306441903795939200e+16 6.175250308086155200e+16
4.775409696554429040e-01 1.669186827956989250e+00 1.587295166719687289e+00 9.365756995827126952e-01 1.000000000000000000e+00 1.000000000000000000e+00 1.000000000000000000e+00 7.853981633974482790e-01 1.600000000000000000e+01 8.799755487774100875e-04 6.842341816170202993e-09 5.750339797034100000e+13 4.081282597934796000e+16 7.676994069910900000e+13 7.617157903918600000e+13 4.070637606453006400e+16 5.974256003938787200e+16 6.029294986626617600e+16
4.384524927024744390e-01 1.170326628176930894e+00 2.039956046721186578e+00 8.986864113938085596e-01 1.000000000000000000e+00 1.000000000000000000e+00 1.000000000000000000e+00 7.853981633974482790e-01 1.600000000000000000e+01 8.791018691172687929e-04 6.795085342359709586e-09 5.806400028483000000e+13 4.112622393202219200e+16 7.686517750536100000e+13 7.726340275646600000e+13 4.121371587186980000e+16 6.075005834235092800e+16 6.031063263609507200e+16
1.230626683294359647e-01 8.923251542644189405e-01 3.137751542222567469e+00 8.798153545595989167e-01 1.000000000000000000e+00 1.000000000000000000e+00 1.000000000000000000e+00 7.853981633974482790e-01 1.600000000000000000e+01 1.700995923101216410e-03 9.153034591858048201e-10 3.770535610626300000e+13 2.793932113149867200e+16 5.312189982562300000e+13 5.535910070844100000e+13 2.849001753059360800e+16 4.625093316670421600e+16 4.417406449192998400e+16
1.832413742288611369e-01 1.641654065860216560e+00 3.102216289963384277e+00 8.647921879029127901e-01 1.000000000000000000e+00 1.000000000000000000e+00 1.000000000000000000e+00 7.853981633974482790e-01 1.600000000000000000e+01 1.024335600965174242e-03 4.173066945729575040e-10 5.452662531876100000e+13 3.905826763625766400e+16 7.417168462369000000e+13 7.442189949384600000e+13 3.901480058221261600e+16 5.929521274482180000e+16 5.950984648116697600e+16
1.145907262578163416e-01 1.149841726234115402e+00 3.284688802904715654e+00 8.404494944967426662e-01 1.000000000000000000e+00 1.000000000000000000e+00 1.000000000000000000e+00 7.853981633974482790e-01 1.600000000000000000e+01 1.281244029142226352e-03 4.556784772177991013e-11 4.274293096317800000e+13 3.062593153681796000e+16 6.038647998371800000e+13 6.123181333967800000e+13 3.079335539661597600e+16 4.948652703440345600e+16 4.875798073778100800e+16
1.307247865740302495e-01 2.694228066959924117e+00 3.617931754507711872e+00 7.862666067797978720e-01 1.000000000000000000e+00 1.000000000000000000e+00 1.000000000000000000e+00 7.853981633974482790e-01 1.600000000000000000e+01 1.373973435203936812e-03 9.867578208459481209e-10 4.332341596150800000e+13 3.225093403261798400e+16 6.394340440078800000e+13 5.997032039437900000e+13 3.116272871868538400e+16 4.881660089239479200e+16 5.283231803789977600e+16
1.104201558857757365e-01 1.029772269061584478e+00 3.360664753900377111e+00 8.289369705517594111e-01 1.000000000000000000e+00 1.000000000000000000e+00 1.000000000000000000e+00 7.853981633974482790e-01 1.600000000000000000e+01 1.254000037046660134e-03 4.984068611524334685e-11 4.565211312390200000e+13 3.319292354396470400e+16 6.476499593603900000e+13 6.387271210907800000e+13 3.295270300865937600e+16 5.175091734343199200e+16 5.264965246761506400e+16
5.437252045800422540e-01 8.881888440860216116e-01 1.518305569961064139e+00 9.404684764417383658e-01 1.000000000000000000e+00 1.000000000000000000e+00 1.000000000000000000e+00 7.853981633974482790e-01 1.600000000000000000e+01 7.859791388885922683e-04 3.642923771131252321e-09 6.240491857616600000e+13 4.364568979082022400e+16 8.180567639718800000e+13 8.282917584268900000e+13 4.371347464953836000e+16 6.435235286317120000e+16 6.356813080247519200e+16
5.821293619163574462e-01 2.061451842008797719e+00 1.313932624801805060e+00 9.490203430091954662e-01 1.000000000000000000e+00 1.000000000000000000e+00 1.000000000000000000e+00 7.853981633974482790e-01 1.600000000000000000e+01 8.376584411484521006e-04 8.205758593002715387e-09 6.075623049437600000e+13 4.291617176243441600e+16 7.907670655370300000e+13 7.982531681134900000e+13 4.298315697183938400e+16 6.239963846542580800e+16 6.173129653586148800e+16
5.458710190615437829e-01 8.014074718963835053e-01 1.660650891173995447e+00 9.233499535091393984e-01 1.000000000000000000e+00 1.000000000000000000e+00 1.000000000000000000e+00 7.853981633974482790e-01 1.600000000000000000e+01 7.792916084909130283e-04 3.239992948508067068e-09 6.326160474655900000e+13 4.412225818835325600e+16 8.237052256842800000e+13 8.436993904865100000e+13 4.438303145658082400e+16 6.573828864655238400e+16 6.388776071202564000e+16
1.272285419842541787e-01 1.063026942815249454e+00 3.197758141856381187e+00 8.136876381821289694e-01 1.000000000000000000e+00 1.000000000000000000e+00 1.000000000000000000e+00 7.853981633974482790e-01 1.600000000000000000e+01 9.365446326074586963e-04 2.307631197552655597e-11 5.446405544590500000e+13 3.810179089083950400e+16 7.447628061188700000e+13 7.544863050480100000e+13 3.838480760545392800e+16 5.964793945438448000e+16 5.873859480610323200e+16
1.211910308056149410e-01 1.404372288917399292e+00 3.194758324717193343e+00 8.064968638648248866e-01 1.000000000000000000e+00 1.000000000000000000e+00 1.000000000000000000e+00 7.853981633974482790e-01 1.600000000000000000e+01 1.002546840373013358e-03 1.220875080886153399e-10 5.159565730664000000e+13 3.661754399673800000e+16 7.188987272662300000e+13 7.058477917006300000e+13 3.624521788554494400e+16 5.579712293954464000e+16 5.718228284912652800e+16
1.568526222723271579e-01 1.128375488758553535e+00 2.913288293093422521e+00 8.427659948061583250e-01 1.000000000000000000e+00 1.000000000000000000e+00 1.000000000000000000e+00 7.853981633974482790e-01 1.600000000000000000e+01 9.171957189438424913e-04 5.258461241713288575e-12 5.475323967944900000e+13 3.831909343675871200e+16 7.518276362591700000e+13 7.568699862127600000e+13 3.842569645054945600e+16 5.967792817249795200e+16 5.930726546299335200e+16
1.549999330003170306e-01 8.473355021994138925e-01 2.658438610760199161e+00 8.785136635194132904e-01 1.000000000000000000e+00 1.000000000000000000e+00 1.000000000000000000e+00 7.853981633974482790e-01 1.600000000000000000e+01 9.879395730354647437e-04 2.257216312852068490e-10 5.246104226148500000e+13 3.683665221152747200e+16 7.092966280787400000e+13 7.350804596207200000e+13 3.731095146722036000e+16 5.830281482101180800e+16 5.622796384587354400e+16
1.860915209993206920e-01 5.294438844086017948e-01 2.462982087989032731e+00 9.180325691718929093e-01 1.000000000000000000e+00 1.000000000000000000e+00 1.000000000000000000e+00 7.853981633974482790e-01 1.600000000000000000e+01 9.149686933153287037e-04 1.696421426586365696e-11 5.676107123443500000e+13 3.973979366296044800e+16 7.639555283855900000e+13 7.890759838224200000e+13 4.023475544075496000e+16 6.248097180067419200e+16 6.037046275201069600e+16
1.086867259696027710e-01 1.783016022116325372e+00 3.709624350179317354e+00 7.575185975216891521e-01 1.000000000000000000e+00 1.000000000000000000e+00 1.000000000000000000e+00 7.853981633974482790e-01 1.600000000000000000e+01 1.094023471285440318e-03 7.555644445449319627e-11 4.778917903398200000e+13 3.426626955904662800e+16 6.886986477257100000e+13 6.580940849213600000e+13 3.369544362595192800e+16 5.263576919354461600e+16 5.510489067752842400e+16
8.157038459642925732e-01 1.938234092436459832e+00 8.090121971867298978e-01 9.451600706049313461e-01 1.000000000000000000e+00 1.000000000000000000e+00 1.000000000000000000e+00 7.853981633974482790e-01 1.600000000000000000e+01 6.963070656916833887e-04 3.590108546606160847e-10 6.747001778584300000e+13 4.644493892172507200e+16 8.934967588969200000e+13 8.983685296445000000e+13 4.646679264245068800e+16 6.929784738088936800e+16 6.887374386701566400e+16
8.451339019135077901e-01 9.951677816471179439e-01 6.449527065593106956e-01 9.627848745512953554e-01 1.000000000000000000e+00 1.000000000000000000e+00 1.000000000000000000e+00 7.853981633974482790e-01 1.600000000000000000e+01 6.897192758962709860e-04 1.499837822788865616e-10 6.784408393278600000e+13 4.654512828907531200e+16 8.979344552941200000e+13 9.098701361430800000e+13 4.673209587668844000e+16 7.020688711058035200e+16 6.917150006622929600e+16
9.493190870242943502e-01 6.497214458088953482e-01 2.240069128219225325e-01 9.818318890946338140e-01 1.000000000000000000e+00 1.000000000000000000e+00 1.000000000000000000e+00 7.853981633974482790e-01 1.600000000000000000e+01 6.621740312866253829e-04 3.117433129155538265e-12 6.947257969015400000e+13 4.750883510087296800e+16 9.285458953658300000e+13 9.257152242473500000e+13 4.746330191777204800e+16 7.114346114366523200e+16 7.138097655154520800e+16
9.034892964200594845e-01 2.038039161779081176e+00 3.758635155788615512e-01 9.763892079123857037e-01 1.000000000000000000e+00 1.000000000000000000e+00 1.000000000000000000e+00 7.853981633974482790e-01 1.600000000000000000e+01 6.738296493799850358e-04 8.495920912399187821e-11 6.874837429518400000e+13 4.714218923436674400e+16 9.159416285553100000e+13 9.137032701582100000e+13 4.709247059332182400e+16 7.025506425404801600e+16 7.048007568499600000e+16
8.831437744548641389e-01 5.507965237047900420e-01 4.781320807124797012e-01 9.713081749272066689e-01 1.000000000000000000e+00 1.000000000000000000e+00 1.000000000000000000e+00 7.853981633974482790e-01 1.600000000000000000e+01 6.720209684073212997e-04 3.008061720562307880e-11 6.889155368191600000e+13 4.720142916852724800e+16 9.194037427744500000e+13 9.181370438903700000e+13 4.717259212838750400e+16 7.064482279539555200e+16 7.075407440681106400e+16
8.488278014202087496e-01 1.251785114247312869e+00 5.356297210025109390e-01 9.691203713813349996e-01 1.000000000000000000e+00 1.000000000000000000e+00 1.000000000000000000e+00 7.853981633974482790e-01 1.600000000000000000e+01 6.893452546328048122e-04 3.055687484153664559e-10 6.796746662256100000e+13 4.672937194670430400e+16 9.015928305888300000e+13 9.018395077237700000e+13 4.674811756995016800e+16 6.951508686877337600e+16 6.944810552933864000e+16
7.092109697996649142e-01 9.788172806695993877e-01 1.184576465837434700e+00 9.310386468170649410e-01 1.000000000000000000e+00 1.000000000000000000e+00 1.000000000000000000e+00 7.853981633974482790e-01 1.600000000000000000e+01 7.372694817380884714e-04 8.139485183528925185e-10 6.517854066407600000e+13 4.517792871478611200e+16 8.652396851554900000e+13 8.700905528950000000e+13 4.524993442965668800e+16 6.746798150606548800e+16 6.702987163701756800e+16
6.801446335534744314e-01 8.375679679863150540e-01 1.138049869697356886e+00 9.393594163203546898e-01 1.000000000000000000e+00 1.000000000000000000e+00 1.000000000000000000e+00 7.853981633974482790e-01 1.600000000000000000e+01 7.557296425926302713e-04 1.343460954425779331e-09 6.440485032929700000e+13 4.494673567877710400e+16 8.597560663436500000e+13 8.517612189763500000e+13 4.472390372834777600e+16 6.599632174182868800e+16 6.693756865726731200e+16
5.669992297120652891e-01 1.303655570320137347e+00 1.483531548122863697e+00 9.304939261741406176e-01 1.000000000000000000e+00 1.000000000000000000e+00 1.000000000000000000e+00 7.853981633974482790e-01 1.600000000000000000e+01 8.148350121758115476e-04 5.461129213646508826e-09 6.145619950941000000e+13 4.301634801582974400e+16 7.993842930337300000e+13 8.175253474523700000e+13 4.347596613156695200e+16 6.406716010285558400e+16 6.197889752273520000e+16
5.728994945637738700e-01 1.337386592741938163e+00 1.549388166339199735e+00 9.370772367022945915e-01 1.000000000000000000e+00 1.000000000000000000e+00 1.000000000000000000e+00 7.853981633974482790e-01 1.600000000000000000e+01 7.707708569552119190e-04 3.527664307276328092e-09 6.328741556276400000e+13 4.423298558514135200e+16 8.309754262158500000e+13 8.338168247087000000e+13 4.416250432568517600e+16 6.451840981013965600e+16 6.460641447722446400e+16
5.865910189604774949e-01 6.577382316104598559e-01 1.538665589769898867e+00 9.169127211036571801e-01 1.000000000000000000e+00 1.000000000000000000e+00 1.000000000000000000e+00 7.853981633974482790e-01 1.600000000000000000e+01 7.592611600105208993e-04 1.389278605017533824e-09 6.421852228870500000e+13 4.472946624435783200e+16 8.544063176451500000e+13 8.522979094453600000e+13 4.473147441853517600e+16 6.630297383936127200e+16 6.630311079070263200e+16
5.779209918398283685e-01 1.422632957600195702e+00 1.545813776256203420e+00 9.289999915260547247e-01 1.000000000000000000e+00 1.000000000000000000e+00 1.000000000000000000e+00 7.853981633974482790e-01 1.600000000000000000e+01 8.080952663537370202e-04 3.414212702833841341e-09 6.209958276552700000e+13 4.373913882447823200e+16 8.319881873148300000e+13 8.124933617769600000e+13 4.352245576126587200e+16 6.348246971323792800e+16 6.498962274775538400e+16
5.037585744831553081e-01 7.309670546187684304e-01 1.674043817435771686e+00 9.381010883021589919e-01 1.000000000000000000e+00 1.000000000000000000e+00 1.000000000000000000e+00 7.853981633974482790e-01 1.600000000000000000e+01 8.406800917896760199e-04 1.792403413457316374e-09 6.011841404479000000e+13 4.225055421663700800e+16 7.994590690836900000e+13 8.204651123746600000e+13 4.244852437663887200e+16 6.440135617438845600e+16 6.289634631199624000e+16
3.023943464402453762e-01 7.023651331867063474e-01 2.535538555006698225e+00 8.990700709403856017e-01 1.000000000000000000e+00 1.000000000000000000e+00 1.000000000000000000e+00 7.853981633974482790e-01 1.600000000000000000e+01 9.899819998989748369e-04 1.052678452211164093e-08 5.445346981052800000e+13 3.916862239143411200e+16 7.247677439046900000e+13 7.282171204319700000e+13 3.914393578811642400e+16 5.774007833705125600e+16 5.764157439621992800e+16
5.080930179807475744e-01 7.008625824780060354e-01 1.747344559500710215e+00 9.330132912313511273e-01 1.000000000000000000e+00 1.000000000000000000e+00 1.000000000000000000e+00 7.853981633974482790e-01 1.600000000000000000e+01 8.170692388699952015e-04 2.489386897869143521e-09 6.089454090434500000e+13 4.261321558175896800e+16 8.009226793609000000e+13 8.266899940138900000e+13 4.293926434263148800e+16 6.463633367843524000e+16 6.262269311180144000e+16
5.445406912803236743e-01 3.271292499083580996e+00 2.063467648530645349e+00 8.375214267897279630e-01 7.131878864063937451e-01 2.892784885889154278e+00 8.633892734586640083e-01 3.188324065170439758e-01 3.941371817135974709e+01 1.571236762863907187e-03 1.625906001184542887e-06 1.020214846424400000e+13 5.547356441747434000e+15 1.378116170579400000e+13 1.179739656741300000e+13 5.317180552073868000e+15 7.340500602407325000e+15 8.887224541761162000e+15
4.811462094209317808e-01 5.970300281036176049e-01 1.802536821473858852e+00 9.355741091949116850e-01 1.000000000000000000e+00 1.000000000000000000e+00 1.000000000000000000e+00 7.853981633974482790e-01 1.600000000000000000e+01 8.162733361530041505e-04 1.814099894920698214e-09 6.092654106815800000e+13 4.264496563366931200e+16 8.101608011077900000e+13 8.244451303044800000e+13 4.288429865993272800e+16 6.463605541280583200e+16 6.327373283589164000e+16
5.301110226000332881e-01 1.077067295943304082e+00 1.477535074371181034e+00 9.516680001023498647e-01 1.000000000000000000e+00 1.000000000000000000e+00 1.000000000000000000e+00 7.853981633974482790e-01 1.600000000000000000e+01 8.169511188490985367e-04 3.404576511153633860e-09 6.112679215873500000e+13 4.289151042912532800e+16 8.039528728715300000e+13 8.202351924971800000e+13 4.307366917335573600e+16 6.404673706963064000e+16 6.278674022043244000e+16
2.966043917193890156e-01 5.365518847751712395e-01 2.539641353538989677e+00 8.995097832572216401e-01 1.000000000000000000e+00 1.000000000000000000e+00 1.000000000000000000e+00 7.853981633974482790e-01 1.600000000000000000e+01 8.356973005294251761e-04 7.087669850856329779e-10 6.218338006783800000e+13 4.350405348544946400e+16 8.224054395689900000e+13 8.462010453786600000e+13 4.405354816741319200e+16 6.674200927788968800e+16 6.454067189686260000e+16
5.868064020157915950e-01 9.673963679130017645e-01 1.373979290398595454e+00 9.427208735394132511e-01 1.000000000000000000e+00 1.000000000000000000e+00 1.000000000000000000e+00 7.853981633974482790e-01 1.600000000000000000e+01 7.793152787153240831e-04 3.178531164709913862e-09 6.318931224623300000e+13 4.437017443667121600e+16 8.411616597928700000e+13 8.253674978913500000e+13 4.402326006580378400e+16 6.395073204800347200e+16 6.558227594314524000e+16
4.676844010965763854e-01 2.863056917460898632e+00 2.249758785168663344e+00 8.082759608477049218e-01 9.033996125728430693e-01 1.692641113101086781e+00 8.246746959934405652e-01 4.506123090999921144e-01 2.788732211833711716e+01 2.002519367071361068e-03 7.931436105592683129e-07 7.122683490712000000e+12 3.614269008398168000e+15 7.470587639924000000e+12 9.496404614983000000e+12 4.036427035844224000e+15 6.075112128548267000e+15 4.306902371015292000e+15
5.252378483900668193e-01 1.029839091520039496e+00 1.800876160301355444e+00 9.066701070363862858e-01 1.000000000000000000e+00 1.000000000000000000e+00 1.000000000000000000e+00 7.853981633974482790e-01 1.600000000000000000e+01 7.470348930012595716e-04 1.428590543399017540e-09 6.450869095842100000e+13 4.484512907198326400e+16 8.543075395959700000e+13 8.564703803332400000e+13 4.481245161695199200e+16 6.633340166436327200e+16 6.623722322876705600e+16
6.240878204660988970e-01 8.502155501588476438e-01 1.382904942165866569e+00 9.277099222239514331e-01 1.000000000000000000e+00 1.000000000000000000e+00 1.000000000000000000e+00 7.853981633974482790e-01 1.600000000000000000e+01 7.451184206745391659e-04 1.781329314083488677e-09 6.476360804141400000e+13 4.511708117172357600e+16 8.614694440556800000e+13 8.500235756500200000e+13 4.491817707553752000e+16 6.574339626783612000e+16 6.681222091149759200e+16
3.316945053734558502e-01 3.471825742302053097e+00 2.951608478219174270e+00 7.627186827978750250e-01 8.748646922610481269e-01 1.135875762410649914e+00 7.638601304846711626e-01 3.992981567595730308e-01 3.147114606373122925e+01 1.016108280891368267e-03 1.332898366739167622e-08 1.899708848397400000e+13 1.167852171690763200e+16 2.373473107074000000e+13 1.975813247765600000e+13 1.075568666423648400e+16 1.244855163167740800e+16 1.582734677501307200e+16
5.016180187396184209e-01 1.191144687805475000e+00 1.806375847997737427e+00 9.090988267179819227e-01 1.000000000000000000e+00 1.000000000000000000e+00 1.000000000000000000e+00 7.853981633974482790e-01 1.600000000000000000e+01 8.074273412405772376e-04 2.661695902041708768e-09 6.216967231638400000e+13 4.352595023557348000e+16 8.180052108559400000e+13 8.331866438515200000e+13 4.377828602292783200e+16 6.522773674062280800e+16 6.380671299126464800e+16
5.742307927184019389e-01 2.405929252199416446e+00 1.752819933961808241e+00 8.564001429295171608e-01 7.131531394967833837e-01 3.238270769256606396e+00 8.158011631274952880e-01 2.688048332452839251e-01 4.674905009201371797e+01 4.035333331208420388e-03 1.202138223658867281e-05 3.944968579427000000e+12 2.139096961969837000e+15 5.888941903638000000e+12 4.786975261187000000e+12 1.816492068523345000e+15 2.797618607837517000e+15 3.918243194476580000e+15
4.300712115636614041e-01 4.147624175219941201e+00 2.542574942177687980e+00 8.173993506671168863e-01 1.000000000000000000e+00 1.000000000000000000e+00 1.000000000000000000e+00 7.853981633974482790e-01 1.600000000000000000e+01 8.902433694093869580e-04 3.639237381917528582e-09 5.926389476098000000e+13 4.243526301224204800e+16 8.069877804127200000e+13 7.783471662452100000e+13 4.179728193751377600e+16 6.135018755289725600e+16 6.391006866544364800e+16
4.725741349114231382e-01 6.187005513807427581e-01 1.818040343077805154e+00 9.280425328408062891e-01 9.999995222301532039e-01 1.000000000000000000e+00 1.000143174567828419e+00 7.856227022355092293e-01 1.599542703972434587e+01 7.771453895607013246e-04 1.741910842727767506e-09 6.284310526071800000e+13 4.412339186857925600e+16 8.475064264006400000e+13 8.258421819300100000e+13 4.360436281442280800e+16 6.399586799663200000e+16 6.614164298706063200e+16
6.807007126837925082e-01 1.994155898704786045e+00 1.167550816665292590e+00 9.358184508753917275e-01 1.000000000000000000e+00 1.000000000000000000e+00 1.000000000000000000e+00 7.853981633974482790e-01 1.600000000000000000e+01 7.649064708578994214e-04 9.750100630524873169e-10 6.349243484039300000e+13 4.428794019350605600e+16 8.488063319759200000e+13 8.501708892704900000e+13 4.415314756403847200e+16 6.602300733520671200e+16 6.614127413489020800e+16
5.065387007822977905e-01 4.867615163734115291e-01 1.648627098403650182e+00 9.386490748571980625e-01 1.000000000000000000e+00 1.000000000000000000e+00 1.000000000000000000e+00 7.853981633974482790e-01 1.600000000000000000e+01 7.823756212462437687e-04 1.629798889438339933e-09 6.366409083093400000e+13 4.434779806394971200e+16 8.361041847240700000e+13 8.555765003891500000e+13 4.468926614777524000e+16 6.682121980807642400e+16 6.514418901347444800e+16
5.462117814882058164e-01 1.991593734726293530e+00 1.581515657644969597e+00 9.042938743452143546e-01 1.000000000000000000e+00 1.000000000000000000e+00 1.000000000000000000e+00 7.853981633974482790e-01 1.600000000000000000e+01 8.356217894068019040e-04 2.239267180183620978e-09 5.987110633688500000e+13 4.220375429316049600e+16 8.020283155201000000e+13 8.073745125100700000e+13 4.207286566857083200e+16 6.315875370944709600e+16 6.300763488339603200e+16
3.766380976706309447e-01 9.498239705522975029e-01 2.223892337103460903e+00 9.107151756859446223e-01 1.000000000000000000e+00 1.000000000000000000e+00 1.000000000000000000e+00 7.853981633974482790e-01 1.600000000000000000e+01 8.372959935864876611e-04 2.192332972593275960e-09 6.033153919689100000e+13 4.240336937114688000e+16 8.044601323595400000e+13 8.135037472957500000e+13 4.257388897710310400e+16 6.392190649434833600e+16 6.302206387186868800e+16
3.577936628448419309e-01 1.307192387585534243e+00 2.600010236917426720e+00 8.562003009678733623e-01 1.000000000000000000e+00 1.000000000000000000e+00 1.000000000000000000e+00 7.853981633974482790e-01 1.600000000000000000e+01 8.877733365965938175e-04 3.061738630283230482e-09 5.869701794420500000e+13 4.168774082046227200e+16 7.880717989575900000e+13 7.900318371025200000e+13 4.162985087034334400e+16 6.230374132936262400e+16 6.230414279659473600e+16
3.582249457132495873e-01 1.117023307673510102e+00 2.269371644088465700e+00 8.834961471518492093e-01 1.000000000000000000e+00 1.000000000000000000e+00 1.000000000000000000e+00 7.853981633974482790e-01 1.600000000000000000e+01 9.304255585326438784e-04 6.259186021224259800e-09 5.747571558843900000e+13 4.074888882445448000e+16 7.460371435752600000e+13 7.865595802280500000e+13 4.135316476591423200e+16 6.234018612574851200e+16 5.906740591825672800e+16
2.959119709946823606e-01 8.385149376832849999e-01 2.293897706283616778e+00 9.108101054053046042e-01 1.000000000000000000e+00 1.000000000000000000e+00 1.000000000000000000e+00 7.853981633974482790e-01 1.600000000000000000e+01 9.406432706707698816e-04 4.769851358946912520e-09 5.472428033338700000e+13 3.882005477901633600e+16 7.287544957173900000e+13 7.500364321020500000e+13 3.908055308976482400e+16 5.927838703567200800e+16 5.753835419608708800e+16
5.437799692895480819e-01 1.104277401026393157e+00 1.570094864359167008e+00 9.262933700136476434e-01 1.000000000000000000e+00 1.000000000000000000e+00 1.000000000000000000e+00 7.853981633974482790e-01 1.600000000000000000e+01 8.316311658784802160e-04 2.858912401058696828e-09 6.154092178240600000e+13 4.331706208584519200e+16 8.167458200314400000e+13 8.216497279913900000e+13 4.346508919503307200e+16 6.458034254580028800e+16 6.398488575288416800e+16
4.260381642887647313e-01 2.987571977333820517e+00 2.179472972048215773e+00 8.392236631855637397e-01 6.928016303102416673e-01 2.992300874228008833e+00 1.015625725629639264e+00 4.214876863486309855e-01 2.981432440701238917e+01 1.428620251476920254e-03 1.274188232515123612e-06 1.392119676985000000e+13 7.466580176555726000e+15 2.011067258048700000e+13 1.845663493576100000e+13 7.141943171360754000e+15 1.186001580343726000e+16 1.349723894905980800e+16
3.342870362801350637e-01 3.783103845918863950e+00 2.805706424199851057e+00 7.771891969804335387e-01 7.662760523718652461e-01 2.087196672286579791e+00 9.977230869723984208e-01 5.247953137045573424e-01 2.394527978089688247e+01 1.443243450316419440e-03 8.657584423438026838e-07 1.431368893770500000e+13 7.962597957243475000e+15 1.946111796622200000e+13 1.819642623667600000e+13 7.665462280502675000e+15 1.177915797014016000e+16 1.305645141960121200e+16
4.986177319473175662e-01 2.579771696297655126e+00 1.935067366172864789e+00 8.592088455641639921e-01 6.522937847173108095e-01 2.987879151072395878e+00 9.006469855579614103e-01 3.123067440653486959e-01 4.023726945752321171e+01 1.434680030533456432e-03 1.284374975546821495e-06 1.226689051953400000e+13 6.748754098482406000e+15 1.748076502685100000e+13 1.456581693957400000e+13 6.193993887613744000e+15 8.947033997987888000e+15 1.166170755225991200e+16
4.555285132292651862e-01 2.378397444709191344e+00 2.285377194586254657e+00 8.079134139125428993e-01 7.899235039994474405e-01 2.236336391893530173e+00 8.449042990195746450e-01 3.782507225717516852e-01 3.322233075701637262e+01 3.153162616673245607e-03 4.865223642420785238e-06 5.253756204513000000e+12 2.876559328864013000e+15 7.085642623507000000e+12 6.299380724962000000e+12 2.658094992723075000e+15 3.792604534540268000e+15 4.638884586081041000e+15
5.353293750792929018e-01 1.524266098484848397e+00 1.772915454125795875e+00 9.018804344900339665e-01 1.000000000000000000e+00 1.000000000000000000e+00 1.000000000000000000e+00 7.853981633974482790e-01 1.600000000000000000e+01 8.418014078271192835e-04 2.253158501992627266e-09 6.062253086431500000e+13 4.290711069709539200e+16 8.168515377414000000e+13 8.094090754774300000e+13 4.263432642552574400e+16 6.345172871945636000e+16 6.435821376028570400e+16
4.779285576788535606e-01 1.462827620967741549e+00 1.841369012304393316e+00 8.996478533767932051e-01 1.000000000000000000e+00 1.000000000000000000e+00 1.000000000000000000e+00 7.853981633974482790e-01 1.600000000000000000e+01 9.072407387752179971e-04 8.085403426536694031e-09 5.818466073906400000e+13 4.145653607933543200e+16 7.684650858672500000e+13 7.726895446580000000e+13 4.155999269934032800e+16 6.109223952449856000e+16 6.051843829862527200e+16
4.081840616470339134e-01 1.719641602517106183e+00 2.428662971815101379e+00 8.256780634537894681e-01 7.555251148135007089e-01 2.209133235583335075e+00 7.766929777124408352e-01 3.071453524735671681e-01 4.091343239660651676e+01 1.537647912345861461e-03 1.099722492704000307e-06 1.117422852164400000e+13 5.938854035494138000e+15 1.493712208244200000e+13 1.383808778512200000e+13 5.873923827227552000e+15 8.760489841080680000e+15 9.465393276827412000e+15
1.301289940955127344e-01 1.261913489736070870e+00 3.399751319682944306e+00 8.229926221205753345e-01 1.000000000000000000e+00 1.000000000000000000e+00 1.000000000000000000e+00 7.853981633974482790e-01 1.600000000000000000e+01 1.333293534161770957e-03 3.925009627023568363e-12 4.541579328033800000e+13 3.295588718339945200e+16 6.257604349971100000e+13 6.515590090304300000e+13 3.352195902539077600e+16 5.342165216651109600e+16 5.113471409943339200e+16
1.087551937836902100e-01 1.475497159090910282e+00 3.449521841011152556e+00 7.737572146825886232e-01 1.000000000000000000e+00 1.000000000000000000e+00 1.000000000000000000e+00 7.853981633974482790e-01 1.600000000000000000e+01 1.101615444332709748e-03 1.636968266129800448e-11 4.750619516094800000e+13 3.331063648154554400e+16 6.459425994257000000e+13 6.884198680735200000e+13 3.414532969383930800e+16 5.511322449614280000e+16 5.146199378490297600e+16
1.304759795954462120e-01 1.606900659824046507e+00 3.500242337605923737e+00 7.509890957923062160e-01 1.000000000000000000e+00 1.000000000000000000e+00 1.000000000000000000e+00 7.853981633974482790e-01 1.600000000000000000e+01 1.017682511426449589e-03 4.949778822193105234e-11 5.090824613752100000e+13 3.612319475153752000e+16 7.149862609797000000e+13 7.042798759121800000e+13 3.586320382871672000e+16 5.585733968766197600e+16 5.700905978701310400e+16
1.233212613629008220e-01 9.703690127077235772e-01 3.354169448395893482e+00 8.009674998962796888e-01 1.000000000000000000e+00 1.000000000000000000e+00 1.000000000000000000e+00 7.853981633974482790e-01 1.600000000000000000e+01 1.019762483667681439e-03 2.202036046141437427e-12 5.198808275834100000e+13 3.699939516332451200e+16 7.272392900493100000e+13 7.184711520556700000e+13 3.683741675710198400e+16 5.726666470026520800e+16 5.803124568892027200e+16
1.218428426206384640e-01 1.733199879337732119e+00 3.158043276035827240e+00 8.227359786534420572e-01 1.000000000000000000e+00 1.000000000000000000e+00 1.000000000000000000e+00 7.853981633974482790e-01 1.600000000000000000e+01 1.292613579209360777e-03 4.824952967374579986e-10 4.247193532666500000e+13 3.036255944810130400e+16 5.966107179928800000e+13 6.130698315708000000e+13 3.088958547402094400e+16 4.989344709604570400e+16 4.802275200210881600e+16
1.258370691435333200e-01 1.053676571664223127e+00 3.234764511964753453e+00 8.341682214317380772e-01 1.000000000000000000e+00 1.000000000000000000e+00 1.000000000000000000e+00 7.853981633974482790e-01 1.600000000000000000e+01 1.223941855746171498e-03 4.691531950418015135e-11 4.497048861783400000e+13 3.215191266905484000e+16 6.275495885736300000e+13 6.494931096401400000e+13 3.256336363104996800e+16 5.249016942384099200e+16 5.071534480648462400e+16
1.245194369499723480e-01 7.092220720307914616e-01 3.217031643787406470e+00 8.166426376402879939e-01 1.000000000000000000e+00 1.000000000000000000e+00 1.000000000000000000e+00 7.853981633974482790e-01 1.600000000000000000e+01 8.660037605646744548e-04 4.029744666340354437e-12 5.713598065659500000e+13 3.985228166409146400e+16 7.834878569616000000e+13 7.801359624262400000e+13 3.982072693569678400e+16 6.121994149899741600e+16 6.145794279298598400e+16
1.118257693044037021e-01 1.127885775598729490e+00 3.499740637245275732e+00 8.035063331255463126e-01 1.000000000000000000e+00 1.000000000000000000e+00 1.000000000000000000e+00 7.853981633974482790e-01 1.600000000000000000e+01 1.137059728351813050e-03 1.331397257552390940e-10 4.910583142225700000e+13 3.530240835571752400e+16 6.894521823367400000e+13 6.841169993723100000e+13 3.514713723684732000e+16 5.501728943373984000e+16 5.557129621701236800e+16
1.337682310555984577e-01 1.353980518389541254e+00 3.210602296683078283e+00 8.274154578308370311e-01 1.000000000000000000e+00 1.000000000000000000e+00 1.000000000000000000e+00 7.853981633974482790e-01 1.600000000000000000e+01 1.082115462799288072e-03 1.453898778182580228e-12 5.002983479212400000e+13 3.555299617029870000e+16 6.907444558199000000e+13 7.018052519125000000e+13 3.577555417676513200e+16 5.619150178074222400e+16 5.524457815518822400e+16
7.348007658062296610e-01 1.172396215175953271e+00 9.478062442985992764e-01 9.538414094476103111e-01 1.000000000000000000e+00 1.000000000000000000e+00 1.000000000000000000e+00 7.853981633974482790e-01 1.600000000000000000e+01 7.382853610990234954e-04 6.210310335284779855e-10 6.531655316160500000e+13 4.522589126203654400e+16 8.697865791448500000e+13 8.731393278117200000e+13 4.538889637526727200e+16 6.789247798146573600e+16 6.735057771209798400e+16
6.362504455855563235e-01 1.715504337732162377e+00 1.252139136711217793e+00 9.353446793607818055e-01 1.000000000000000000e+00 1.000000000000000000e+00 1.000000000000000000e+00 7.853981633974482790e-01 1.600000000000000000e+01 8.057125792344335159e-04 4.275542035795653833e-09 6.168447966967300000e+13 4.322936947635120800e+16 8.092913411304700000e+13 8.198339468827600000e+13 4.344713681357363200e+16 6.401469687845948800e+16 6.291429326730845600e+16
7.537433663663760663e-01 8.969750427663738535e-01 8.637823030767076693e-01 9.548755865166898005e-01 1.000000000000000000e+00 1.000000000000000000e+00 1.000000000000000000e+00 7.853981633974482790e-01 1.600000000000000000e+01 7.239468718287611453e-04 5.050494307281424562e-10 6.609710886608600000e+13 4.567746674389912800e+16 8.809189478134000000e+13 8.801967483349400000e+13 4.578797235784830400e+16 6.827721052358955200e+16 6.812715121334476000e+16
6.730709665685824517e-01 8.124809078690131692e-01 1.203476060066691611e+00 9.367557216175848023e-01 1.000000000000000000e+00 1.000000000000000000e+00 1.000000000000000000e+00 7.853981633974482790e-01 1.600000000000000000e+01 7.579380296035104995e-04 1.406671346838985413e-09 6.429882371746300000e+13 4.474760255794169600e+16 8.504566606373800000e+13 8.578795279336200000e+13 4.481815786889848800e+16 6.667840899436030400e+16 6.604547584686636000e+16
6.677468385491729386e-01 4.733512035679375840e-01 1.221600389796225539e+00 9.330416015536440177e-01 1.000000000000000000e+00 1.000000000000000000e+00 1.000000000000000000e+00 7.853981633974482790e-01 1.600000000000000000e+01 7.035683171169059870e-04 4.879158386948744129e-10 6.703783027774900000e+13 4.625965099220966400e+16 8.922247003001300000e+13 8.869884408398300000e+13 4.618451222357062400e+16 6.843467077323234400e+16 6.885382761092395200e+16
6.088747119977468980e-01 1.402574764784946693e+00 1.565433004762058822e+00 9.150313852479908805e-01 1.000000000000000000e+00 1.000000000000000000e+00 1.000000000000000000e+00 7.853981633974482790e-01 1.600000000000000000e+01 7.522313508514182458e-04 1.405848801426428598e-09 6.510497715164000000e+13 4.526976243988105600e+16 8.665899734364200000e+13 8.576316351058300000e+13 4.533247435087839200e+16 6.674990955315873600e+16 6.723104845347271200e+16
7.182942961401320714e-01 1.158709066471163895e+00 1.116933140972545369e+00 9.319295636319397946e-01 1.000000000000000000e+00 1.000000000000000000e+00 1.000000000000000000e+00 7.853981633974482790e-01 1.600000000000000000e+01 7.300951799116166870e-04 9.341321563272993293e-10 6.631151449574200000e+13 4.579241473341113600e+16 8.667402177133700000e+13 8.880241626067400000e+13 4.614812485752160000e+16 6.898743080714094400e+16 6.699755826810801600e+16
6.106118763006375127e-01 1.201583310422776663e+00 1.469514217026012037e+00 9.148122007098735686e-01 1.000000000000000000e+00 1.000000000000000000e+00 1.000000000000000000e+00 7.853981633974482790e-01 1.600000000000000000e+01 7.283814111026525213e-04 5.555758257841604702e-10 6.560020519092300000e+13 4.544645959381392000e+16 8.743091107133400000e+13 8.745300855985900000e+13 4.537359698102680000e+16 6.765798016528186400e+16 6.778289393511852000e+16
2.651502663785368363e-01 1.476083287512219844e+00 3.034938824464767482e+00 8.234739292148895995e-01 1.000000000000000000e+00 1.000000000000000000e+00 1.000000000000000000e+00 7.853981633974482790e-01 1.600000000000000000e+01 8.697978080795358558e-04 3.877157765183735167e-09 5.775234900187500000e+13 4.105370664431294400e+16 7.826748261211800000e+13 7.646537942697600000e+13 4.047758421311225600e+16 5.974869117337354400e+16 6.163355392609063200e+16
2.670460875325445516e-01 3.550802251344086780e-01 2.401371541568607881e+00 9.165885112315368399e-01 1.000000000000000000e+00 1.000000000000000000e+00 1.000000000000000000e+00 7.853981633974482790e-01 1.600000000000000000e+01 8.756374530643196413e-04 2.110386423514529086e-09 5.763394727463600000e+13 4.044813494184360800e+16 7.647801202157200000e+13 7.928829314162200000e+13 4.087014477291657600e+16 6.239814738119028800e+16 6.007455776542377600e+16
2.541874882514516543e-01 1.097885355571847965e+00 2.660193614022973829e+00 8.696954147018782777e-01 1.000000000000000000e+00 1.000000000000000000e+00 1.000000000000000000e+00 7.853981633974482790e-01 1.600000000000000000e+01 1.060101004378684840e-03 1.208303368028745772e-08 5.244534836756200000e+13 3.801176421683099200e+16 6.985193315754100000e+13 7.090299699868600000e+13 3.798142882741993600e+16 5.657586867034176000e+16 5.598945733083052000e+16
2.738950278980399333e-01 1.544916147360706038e+00 2.819668630907711915e+00 8.065298662743616287e-01 1.000000000000000000e+00 1.000000000000000000e+00 1.000000000000000000e+00 7.853981633974482790e-01 1.600000000000000000e+01 9.393581084765781439e-04 1.838860514881646910e-09 5.707055157549800000e+13 4.059144587190408000e+16 7.677836255200500000e+13 7.782345583573200000e+13 4.073997967435070400e+16 6.180760618938960800e+16 6.100283423515739200e+16
3.147248899074190920e-01 1.950005345796677947e+00 2.287794971860611870e+00 8.884657671968547721e-01 1.000000000000000000e+00 1.000000000000000000e+00 1.000000000000000000e+00 7.853981633974482790e-01 1.600000000000000000e+01 1.107256018278826625e-03 9.880858079711590934e-09 5.078115110249500000e+13 3.703583844808393600e+16 6.843349070352700000e+13 7.012453644975500000e+13 3.678490357665712000e+16 5.603197388537008800e+16 5.554296565201184800e+16
2.961965446134523505e-01 4.975504795943309633e-01 2.484513809723083000e+00 8.884490758621442774e-01 1.000000000000000000e+00 1.000000000000000000e+00 1.000000000000000000e+00 7.853981633974482790e-01 1.600000000000000000e+01 9.666766008887641738e-04 4.417784918651125691e-09 5.548866009095800000e+13 3.973601507772065600e+16 7.498046003078200000e+13 7.514983465917400000e+13 3.976707527918491200e+16 5.976654536563978400e+16 5.963043611716185600e+16
1.909033200349624648e-01 9.814004459921803480e-01 3.101358021968514844e+00 8.541914862014072796e-01 1.000000000000000000e+00 1.000000000000000000e+00 1.000000000000000000e+00 7.853981633974482790e-01 1.600000000000000000e+01 9.373740436638155517e-04 1.352043923482937136e-09 5.892219621255200000e+13 4.208653541516283200e+16 7.923883641038900000e+13 7.865648920469400000e+13 4.198767087569750400e+16 6.254492056851512000e+16 6.289419044829718400e+16
2.800193108447587842e-01 1.342095666849951963e+00 2.690763180395140175e+00 8.611717765926245605e-01 9.999980889206128154e-01 1.000000000000000000e+00 9.997975905682097153e-01 7.850787512322286998e-01 1.600650965859857067e+01 9.647844343543966316e-04 9.449142387037540318e-09 5.577164156470500000e+13 3.986878805074008000e+16 7.262161476668400000e+13 7.556764335040400000e+13 4.002273392326966400e+16 5.974007549235993600e+16 5.768919917759702400e+16
2.554126599143931031e-01 3.126699199657871908e+00 3.340421861488131139e+00 7.279757520525528269e-01 7.783981620417941283e-01 1.532039332029464518e+00 9.681560271817165608e-01 5.477361455098803678e-01 2.294237967929121425e+01 1.208171029057566320e-03 2.762158411067629134e-07 1.639088987412500000e+13 9.032512753466948000e+15 2.074903674082200000e+13 2.049029484987900000e+13 9.128259202147692000e+15 1.337612681753527200e+16 1.338139095530651200e+16
2.035233707510558099e-01 1.712959356671556188e+00 3.321326681806468173e+00 8.067590376479844005e-01 1.000000000000000000e+00 1.000000000000000000e+00 1.000000000000000000e+00 7.853981633974482790e-01 1.600000000000000000e+01 9.684530307175503354e-04 5.639274026602995944e-09 5.360532558937000000e+13 3.802683997814136000e+16 7.150960983333200000e+13 7.349453974336700000e+13 3.849877759193708000e+16 5.843686412886093600e+16 5.633869084021762400e+16
2.651997216358757958e-01 6.289224783113394057e-01 2.532051618433242446e+00 9.017467755966395160e-01 1.000000000000000000e+00 1.000000000000000000e+00 1.000000000000000000e+00 7.853981633974482790e-01 1.600000000000000000e+01 9.113451278835633679e-04 4.839754466704867941e-09 5.891345345034100000e+13 4.168419652269856000e+16 7.657822863212900000e+13 7.976850312411700000e+13 4.221739097779367200e+16 6.326108747476456800e+16 6.040678028338920800e+16
2.566346308780397822e-01 1.624532242790810432e+00 2.969751535629773898e+00 8.325371131218312071e-01 1.000000000000000000e+00 1.000000000000000000e+00 1.000000000000000000e+00 7.853981633974482790e-01 1.600000000000000000e+01 8.692919557831656208e-04 1.858505524333742667e-09 5.758229022363000000e+13 4.042331746433321600e+16 7.691213986439700000e+13 7.891148705411700000e+13 4.068015428681684800e+16 6.195088198010560800e+16 6.043669090411476000e+16
2.363346756469932031e-01 1.552873747556206219e+00 2.630782351640139627e+00 8.745910058652648367e-01 1.000000000000000000e+00 1.000000000000000000e+00 1.000000000000000000e+00 7.853981633974482790e-01 1.600000000000000000e+01 9.930251304212057636e-04 8.171097984588601784e-09 5.452002844419800000e+13 3.923801752085440800e+16 7.330082943035300000e+13 7.227987662473300000e+13 3.899101407580296000e+16 5.733737380677777600e+16 5.832682471759638400e+16
4.728139985117541522e-01 1.353758095063539946e+00 1.787972128360191704e+00 9.178503604768440960e-01 1.000000000000000000e+00 1.000000000000000000e+00 1.000000000000000000e+00 7.853981633974482790e-01 1.600000000000000000e+01 8.823288773795945816e-04 1.923804054065416484e-09 5.459079092829700000e+13 3.824410594689019200e+16 7.359142179483600000e+13 7.581023727547000000e+13 3.848689879974868800e+16 5.941381291728294400e+16 5.782092951672319200e+16
5.422145821008336197e-01 1.021992225684262401e+00 1.730480958835082461e+00 9.038816264532423261e-01 1.000000000000000000e+00 1.000000000000000000e+00 1.000000000000000000e+00 7.853981633974482790e-01 1.600000000000000000e+01 7.738767590856145172e-04 1.828441188105804448e-09 6.250144457295000000e+13 4.346442128462864800e+16 8.259381179880300000e+13 8.387331352479900000e+13 4.366504792279252800e+16 6.526983789373377600e+16 6.414059929466860800e+16
4.218754683910181935e-01 9.986855067815254561e-01 2.077206067239946830e+00 8.962625854480164023e-01 1.000000000000000000e+00 1.000000000000000000e+00 1.000000000000000000e+00 7.853981633974482790e-01 1.600000000000000000e+01 8.362471775819467924e-04 3.307751830478883769e-09 5.699839424876300000e+13 3.971356034842512000e+16 7.540562707242300000e+13 7.776152889617800000e+13 4.009523964779112800e+16 6.069587998815977600e+16 5.854314757876953600e+16
4.929856916246511678e-01 8.680561919599221188e-01 1.865461976279942036e+00 8.859276968797485940e-01 1.000000000000000000e+00 1.000000000000000000e+00 1.000000000000000000e+00 7.853981633974482790e-01 1.600000000000000000e+01 7.932533432487172669e-04 7.535230559400019076e-10 5.997478170628200000e+13 4.182843033956033600e+16 8.131503595031800000e+13 8.117030953870200000e+13 4.157595273855780800e+16 6.296807416724303200e+16 6.356706239095837600e+16
4.379252569200323686e-01 1.125068731671554634e+00 1.959171435922506310e+00 9.093070398922700193e-01 1.000000000000000000e+00 1.000000000000000000e+00 1.000000000000000000e+00 7.853981633974482790e-01 1.600000000000000000e+01 8.852780440835156771e-04 5.345483617526114574e-09 5.441795123694500000e+13 3.816335447497824000e+16 7.256668408052800000e+13 7.399310734667600000e+13 3.850949595682571200e+16 5.803324522145488800e+16 5.653475677102410400e+16
4.358938147375925887e-01 1.142011088709677047e+00 1.899414914040249425e+00 9.043348102863647542e-01 1.000000000000000000e+00 1.000000000000000000e+00 1.000000000000000000e+00 7.853981633974482790e-01 1.600000000000000000e+01 8.746169044512679385e-04 6.010064704747759127e-09 5.518771429516300000e+13 3.895664201404557600e+16 7.409296058710300000e+13 7.375153844739300000e+13 3.880333094046584800e+16 5.741337946466019200e+16 5.794026684495795200e+16
4.275173211681638219e-01 1.226210250183285888e+00 1.947972717467179038e+00 9.137914195912644200e-01 1.000000000000000000e+00 1.000000000000000000e+00 1.000000000000000000e+00 7.853981633974482790e-01 1.600000000000000000e+01 8.667165875313692733e-04 2.265597766517450410e-09 5.656696343109800000e+13 3.956159502647700800e+16 7.571126142839800000e+13 7.774683880205200000e+13 4.000328553266747200e+16 6.118839234117796800e+16 5.919562454000473600e+16
4.857032603382090974e-01 5.797917430351913204e-01 1.835335653069508188e+00 9.224245785723890201e-01 1.000000000000000000e+00 1.000000000000000000e+00 1.000000000000000000e+00 7.853981633974482790e-01 1.600000000000000000e+01 7.749131832268929803e-04 4.792066361745904160e-10 6.210091835648600000e+13 4.298342527285358400e+16 8.301841395663900000e+13 8.468126325410500000e+13 4.336153333846833600e+16 6.615176705503697600e+16 6.452724960154007200e+16
5.097114358017299507e-01 3.035294667949663072e+00 2.146714946131839774e+00 8.305620173294974151e-01 6.954729088855026164e-01 3.831681339540403908e+00 1.017363970983715227e+00 3.711723471193311696e-01 3.385589123728311733e+01 2.066657032189323211e-03 3.208878043372988807e-06 1.263923342591700000e+13 7.368551821582055000e+15 1.781300068627200000e+13 1.594409918831700000e+13 7.197751817382245000e+15 1.112411245049500800e+16 1.261616028155474800e+16
5.676147260759842883e-01 2.826271154081136050e+00 1.906103156097375351e+00 8.509084510950873925e-01 6.937987281813583484e-01 3.752695099918392341e+00 8.682023334439982198e-01 2.729534839877290064e-01 4.603850601490805872e+01 2.061721373897821858e-03 3.187046605365711253e-06 1.107730635113800000e+13 6.403144973438998000e+15 1.482493478054100000e+13 1.349974135514700000e+13 6.312212853824494000e+15 9.238110567465864000e+15 1.015928535487559600e+16
4.549839258211967330e-01 1.548119806940372323e+00 2.101859324294490516e+00 8.687363210693717086e-01 9.999770670473536738e-01 1.000000000000000000e+00 1.000859662874595823e+00 7.867310566284643203e-01 1.597289252595715325e+01 8.529527925624132969e-04 3.378589469687056409e-09 5.921505951525700000e+13 4.161282359962299200e+16 7.853319920495000000e+13 8.002176173380400000e+13 4.196966561365014400e+16 6.300445160301804800e+16 6.146401596071720000e+16
5.448195688080902377e-01 1.126840481427175300e+00 1.583765478396604198e+00 9.220340805696032316e-01 1.000000000000000000e+00 1.000000000000000000e+00 1.000000000000000000e+00 7.853981633974482790e-01 1.600000000000000000e+01 7.565435971826717319e-04 1.575401704658439345e-09 6.258684359106200000e+13 4.358758225633757600e+16 8.401146524172200000e+13 8.271077856564600000e+13 4.332260592402161600e+16 6.387010304057388800e+16 6.517871124433599200e+16
4.672826169002752272e-01 1.178173494012708877e+00 1.924161422852131320e+00 9.146486864846797848e-01 1.000000000000000000e+00 1.000000000000000000e+00 1.000000000000000000e+00 7.853981633974482790e-01 1.600000000000000000e+01 8.994320342442670667e-04 3.499619863585984039e-09 5.478867409341300000e+13 3.862159338092353600e+16 7.323914147205500000e+13 7.577184441639800000e+13 3.887853361841762400e+16 5.954249529041226400e+16 5.765279497430395200e+16
4.846736713230737070e-01 1.903598103005864850e+00 1.765307276486923094e+00 9.321823788946498324e-01 1.000000000000000000e+00 1.000000000000000000e+00 1.000000000000000000e+00 7.853981633974482790e-01 1.600000000000000000e+01 9.411641260455958120e-04 5.960036093491297115e-09 5.453605892534300000e+13 3.897451186653348800e+16 7.348235468131800000e+13 7.415178481672700000e+13 3.883442686688131200e+16 5.847800648893644800e+16 5.840918182354684000e+16
1.720515363156113475e-01 3.124028210532746375e+00 3.083404592628690377e+00 8.571807375904199056e-01 9.999980889206128154e-01 1.000000000000000000e+00 1.000286390139441206e+00 7.858465865762465086e-01 1.599087001078412662e+01 1.220894192714890632e-03 4.303051550969656912e-10 4.586847700835600000e+13 3.282425151614379200e+16 6.297576952701000000e+13 6.649830740365200000e+13 3.360127535415021600e+16 5.390098487855893600e+16 5.093694933462451200e+16
1.421645539271998160e-01 1.153662061644673997e+00 2.684891246967651579e+00 8.858433532861520465e-01 1.000000000000000000e+00 1.000000000000000000e+00 1.000000000000000000e+00 7.853981633974482790e-01 1.600000000000000000e+01 1.558672314577863854e-03 1.670904847069974570e-10 3.882288696639400000e+13 2.858652277134745600e+16 5.566174319665900000e+13 5.499221567950300000e+13 2.853067807554023200e+16 4.525353963739080000e+16 4.576374403772868800e+16
1.600481567993147225e-01 1.532669499938906332e+00 2.920826801724043964e+00 8.705756003276536870e-01 1.000000000000000000e+00 1.000000000000000000e+00 1.000000000000000000e+00 7.853981633974482790e-01 1.600000000000000000e+01 1.667449409382540555e-03 1.402794662189881778e-11 3.748867945727000000e+13 2.806726625790122400e+16 5.529292851909300000e+13 5.365917101827000000e+13 2.774134017756152800e+16 4.457052019693153600e+16 4.605414930389251200e+16
1.143811789534833756e-01 8.752386516373420466e-01 3.408935889253297269e+00 8.497618705176417375e-01 1.000000000000000000e+00 1.000000000000000000e+00 1.000000000000000000e+00 7.853981633974482790e-01 1.600000000000000000e+01 1.252491920736475235e-03 3.404721802432980323e-11 4.451499371725000000e+13 3.195772463774112400e+16 6.229090841120200000e+13 6.417121698750100000e+13 3.232276948785306400e+16 5.196778965372938400e+16 5.048526083264477600e+16
1.504384156847681231e-01 1.753580729166665853e+00 3.095742812892922302e+00 8.437795282811088038e-01 1.000000000000000000e+00 1.000000000000000000e+00 1.000000000000000000e+00 7.853981633974482790e-01 1.600000000000000000e+01 1.009805572470370925e-03 2.732792362179603438e-10 5.055380719714900000e+13 3.541526248375770800e+16 6.960094907433400000e+13 7.099477127549100000e+13 3.589499839936216800e+16 5.655655230703427200e+16 5.496614442009865600e+16
1.273097214827404455e-01 1.536622525659824934e+00 3.582429369590552248e+00 7.711987396685811014e-01 1.000000000000000000e+00 1.000000000000000000e+00 1.000000000000000000e+00 7.853981633974482790e-01 1.600000000000000000e+01 1.149265527712083675e-03 1.757756367898102862e-11 4.937827525218800000e+13 3.533985802635786800e+16 6.768466856751300000e+13 6.969746290251900000e+13 3.579746687610803600e+16 5.638107725483620800e+16 5.446020140211875200e+16
1.325864594351550685e-01 7.838665765518088024e-01 3.136378093661445376e+00 8.620322041065828778e-01 1.000000000000000000e+00 1.000000000000000000e+00 1.000000000000000000e+00 7.853981633974482790e-01 1.600000000000000000e+01 1.323406601691674194e-03 1.585471469940666259e-11 4.396037704843900000e+13 3.218414247833344000e+16 6.344565442797400000e+13 6.156703367619400000e+13 3.180322640668386800e+16 5.013444169638985600e+16 5.179570642640560000e+16
1.679563901784108526e-01 8.904951735092870857e-01 2.750350961615199541e+00 8.823040260785581790e-01 1.000000000000000000e+00 1.000000000000000000e+00 1.000000000000000000e+00 7.853981633974482790e-01 1.600000000000000000e+01 1.502692641669969896e-03 1.209803337192389486e-11 4.022186420907800000e+13 2.963126432801282000e+16 5.780257560042500000e+13 5.778802647554000000e+13 2.963589655512320000e+16 4.764511656235199200e+16 4.764286638904380800e+16
1.299280022365887910e-01 4.919918056573802101e-01 3.032056735878988274e+00 9.035621570587222262e-01 1.000000000000000000e+00 1.000000000000000000e+00 1.000000000000000000e+00 7.853981633974482790e-01 1.600000000000000000e+01 1.268255675254326229e-03 1.129055372627690336e-10 4.600899281617600000e+13 3.336253910993048000e+16 6.484860055620100000e+13 6.497503586051400000e+13 3.349273537852282400e+16 5.297952094220755200e+16 5.267227471045228000e+16
6.046704854297145770e-01 7.042017961876833043e-01 1.266228508838990852e+00 9.498124540339263344e-01 1.000000000000000000e+00 1.000000000000000000e+00 1.000000000000000000e+00 7.853981633974482790e-01 1.600000000000000000e+01 7.656711224381135706e-04 1.936228695349593121e-09 6.375881122180500000e+13 4.444794781879369600e+16 8.417236106618000000e+13 8.485274478385400000e+13 4.448788100265067200e+16 6.592191692802334400e+16 6.538640049800751200e+16
6.188702516985934432e-01 1.336947473729227509e+00 1.524289874444229032e+00 9.110943603967849302e-01 1.000000000000000000e+00 1.000000000000000000e+00 1.000000000000000000e+00 7.853981633974482790e-01 1.600000000000000000e+01 7.667412404305038853e-04 4.026303233830923390e-09 6.375500801816900000e+13 4.440877380639704000e+16 8.276804674067800000e+13 8.423102920736300000e+13 4.464109324769724800e+16 6.543695109751135200e+16 6.401679638152508800e+16
6.025556157314317929e-01 7.075180993401761764e-01 1.327787249241273448e+00 9.494203203283728687e-01 1.000000000000000000e+00 1.000000000000000000e+00 1.000000000000000000e+00 7.853981633974482790e-01 1.600000000000000000e+01 7.389418160575257112e-04 1.222368861308664949e-09 6.492301064660200000e+13 4.509039825247128000e+16 8.601109703848900000e+13 8.622527620541400000e+13 4.501128948896828800e+16 6.670246590439608800e+16 6.665865083382381600e+16
5.994530479730991734e-01 6.779462976539597507e-01 1.441689869483292696e+00 9.254070545099207790e-01 1.000000000000000000e+00 1.000000000000000000e+00 1.000000000000000000e+00 7.853981633974482790e-01 1.600000000000000000e+01 7.836477965563267041e-04 1.908453378493854365e-09 6.300915576734100000e+13 4.405278248475474400e+16 8.347028799810500000e+13 8.418889030983000000e+13 4.408995465992572000e+16 6.556473400204886400e+16 6.508878146544337600e+16
5.367497707491784009e-01 1.206454667644183631e+00 1.578092502115118645e+00 9.270138518138434369e-01 1.000000000000000000e+00 1.000000000000000000e+00 1.000000000000000000e+00 7.853981633974482790e-01 1.600000000000000000e+01 8.591575269754016166e-04 1.019917897926083175e-08 6.029700418226300000e+13 4.273319367227756800e+16 7.847010529646900000e+13 7.872647454691300000e+13 4.282255201167597600e+16 6.173469130058791200e+16 6.139710180990025600e+16
6.038017750638872139e-01 1.433517381476051344e+00 1.306225607103322472e+00 9.437740313266392844e-01 1.000000000000000000e+00 1.000000000000000000e+00 1.000000000000000000e+00 7.853981633974482790e-01 1.600000000000000000e+01 7.602505888707195144e-04 1.190471897173289456e-09 6.372286977834700000e+13 4.430646936053920000e+16 8.439803583641300000e+13 8.552207155037000000e+13 4.440359094532483200e+16 6.644768508304780000e+16 6.557367579481968800e+16
1.450545239855590696e-01 1.072320037573313289e+00 2.799311150911401924e+00 8.160780810758773152e-01 9.999933112221448539e-01 1.000000000000000000e+00 9.995952630589935994e-01 7.847572836525837925e-01 1.601306655717817051e+01 9.331773354296757752e-04 1.179594428568626350e-11 5.430021489512900000e+13 3.791519807056503200e+16 7.405348233313500000e+13 7.531518902136800000e+13 3.823609348001075200e+16 5.949620223189983200e+16 5.834757070739817600e+16
1.279664270833839601e-01 1.094989079301075030e+00 2.951153843394473952e+00 8.455386995580504994e-01 1.000000000000000000e+00 1.000000000000000000e+00 1.000000000000000000e+00 7.853981633974482790e-01 1.600000000000000000e+01 1.126026860170485644e-03 7.682988855624235390e-11 4.776984142832100000e+13 3.398362010760002800e+16 6.617574892212300000e+13 6.691701402499600000e+13 3.418936053424397600e+16 5.365753445146008800e+16 5.294019884703749600e+16
1.112173111043083390e-01 2.010325024437928487e+00 3.490133716844270761e+00 7.666137882314800756e-01 1.000000000000000000e+00 1.000000000000000000e+00 1.000000000000000000e+00 7.853981633974482790e-01 1.600000000000000000e+01 1.050647745817361468e-03 5.392427372796749079e-13 4.880532545534300000e+13 3.423648546577428000e+16 6.730604258974900000e+13 6.905263534056400000e+13 3.463381654605567200e+16 5.492735377048262400e+16 5.341962879995700800e+16
1.365989640883691902e-01 1.134044897055230816e+00 3.127951671589874305e+00 8.234497965430302990e-01 1.000000000000000000e+00 1.000000000000000000e+00 1.000000000000000000e+00 7.853981633974482790e-01 1.600000000000000000e+01 1.006903859113878093e-03 2.325937664087514072e-11 5.090884141187000000e+13 3.573932216750076000e+16 6.976265827395200000e+13 7.172441840119200000e+13 3.610840541025197600e+16 5.695773478677029600e+16 5.530466741220801600e+16
1.815721980601816277e-01 5.761279630987289346e-01 2.633434110667321804e+00 8.873088530057637868e-01 1.000000000000000000e+00 1.000000000000000000e+00 1.000000000000000000e+00 7.853981633974482790e-01 1.600000000000000000e+01 9.295508322280921203e-04 2.528080062247531051e-11 5.502047491868000000e+13 3.881353772070750400e+16 7.619350276942900000e+13 7.555242191394600000e+13 3.862554794695269600e+16 5.966720320254784000e+16 6.038353773021684000e+16
1.333734724839942820e-01 7.523521505376356000e-01 3.181798079043333782e+00 8.483348957501344323e-01 1.000000000000000000e+00 1.000000000000000000e+00 1.000000000000000000e+00 7.853981633974482790e-01 1.600000000000000000e+01 1.048609051465504210e-03 9.683789653421591485e-12 5.072057795798100000e+13 3.575806978324382000e+16 6.955748453601900000e+13 7.217578810551600000e+13 3.635750504665854400e+16 5.778833501615934400e+16 5.551839357538812800e+16
1.518664691882135320e-01 6.513853250244379112e-01 3.108174944505983195e+00 8.579418362876070070e-01 1.000000000000000000e+00 1.000000000000000000e+00 1.000000000000000000e+00 7.853981633974482790e-01 1.600000000000000000e+01 9.401324239881632535e-04 1.880075424855244591e-12 5.412861904029400000e+13 3.770867325167106400e+16 7.337490484513700000e+13 7.662477951503400000e+13 3.844886635921927200e+16 6.079643944939217600e+16 5.796854982870811200e+16
1.411296221200396828e-01 1.219762837548875600e+00 2.913855166170577604e+00 8.761566821026054441e-01 1.000000000000000000e+00 1.000000000000000000e+00 1.000000000000000000e+00 7.853981633974482790e-01 1.600000000000000000e+01 1.076145306416697927e-03 2.908314089468052277e-11 4.979071189045900000e+13 3.548716006040540000e+16 6.930350374574200000e+13 6.921350124920100000e+13 3.543891882342069600e+16 5.529195367575985600e+16 5.544549642110516800e+16
1.293633184265682856e-01 1.317427679007820318e+00 3.142502258384491931e+00 7.946528732065897271e-01 1.000000000000000000e+00 1.000000000000000000e+00 1.000000000000000000e+00 7.853981633974482790e-01 1.600000000000000000e+01 9.842811781762793311e-04 1.477491145822027306e-11 5.247312869460600000e+13 3.678080550408331200e+16 7.154166914131700000e+13 7.334384675110800000e+13 3.722934497732248000e+16 5.823902057031888800e+16 5.657728855894941600e+16
9.197870613345187074e-01 2.084740423387096087e+00 2.913393419973960841e-01 9.817572930453771773e-01 1.000000000000000000e+00 1.000000000000000000e+00 1.000000000000000000e+00 7.853981633974482790e-01 1.600000000000000000e+01 6.705514256564459874e-04 5.273492111779074440e-11 6.894951173286600000e+13 4.721968936791396800e+16 9.181101704178500000e+13 9.181588120154600000e+13 4.721882865950209600e+16 7.059991238652232000e+16 7.061938298293460800e+16
6.951339668796654436e-01 4.032525354349951741e-01 1.123062137509258207e+00 9.434771132208052968e-01 1.000000000000000000e+00 1.000000000000000000e+00 1.000000000000000000e+00 7.853981633974482790e-01 1.600000000000000000e+01 7.095491086655807307e-04 4.773255474852069213e-10 6.665536212773100000e+13 4.600151591747147200e+16 8.852302207494800000e+13 8.868561948349900000e+13 4.600325910269652800e+16 6.848633963475608000e+16 6.838430615763620000e+16
8.606512149075905560e-01 8.052163520283482923e-01 5.681544891444638701e-01 9.637989613018924651e-01 1.000000000000000000e+00 1.000000000000000000e+00 1.000000000000000000e+00 7.853981633974482790e-01 1.600000000000000000e+01 6.766896753464154675e-04 1.178651589777946527e-10 6.861666521811800000e+13 4.703853215661680000e+16 9.117291503459400000e+13 9.131026806206100000e+13 4.707362462407635200e+16 7.026161674651596000e+16 7.015954192281335200e+16
7.747027477837198361e-01 9.587275858382217075e-01 8.562565883728705529e-01 9.540797697774741071e-01 1.000000000000000000e+00 1.000000000000000000e+00 1.000000000000000000e+00 7.853981633974482790e-01 1.600000000000000000e+01 6.918545546250010839e-04 3.778178918765679459e-10 6.767202563914900000e+13 4.654055379729683200e+16 8.949024639211900000e+13 9.001736119460000000e+13 4.657312718036393600e+16 6.937718760212086400e+16 6.892092253818106400e+16
8.829609177383088703e-01 1.408849393633920810e+00 4.845947460863898604e-01 9.674693527784581359e-01 1.000000000000000000e+00 1.000000000000000000e+00 1.000000000000000000e+00 7.853981633974482790e-01 1.600000000000000000e+01 6.798885188792763712e-04 2.068936652733826092e-10 6.830736875090400000e+13 4.691806179280021600e+16 9.101838715001000000e+13 9.038768813158800000e+13 4.683954464721903200e+16 6.948789529153903200e+16 7.007208511300416000e+16
7.493935153562141238e-01 1.806852547653959640e+00 1.008050594256613586e+00 9.420025223376400358e-01 1.000000000000000000e+00 1.000000000000000000e+00 1.000000000000000000e+00 7.853981633974482790e-01 1.600000000000000000e+01 7.291514948301910763e-04 8.250055734233804798e-10 6.550022169786900000e+13 4.540543128783179200e+16 8.715115283139100000e+13 8.699468834652000000e+13 4.534373072109880000e+16 6.726940859027130400e+16 6.750165448834908800e+16
8.716195613049659840e-01 1.288063981549363746e+00 4.993974030536069142e-01 9.703402180777868091e-01 1.000000000000000000e+00 1.000000000000000000e+00 1.000000000000000000e+00 7.853981633974482790e-01 1.600000000000000000e+01 6.845783277500184540e-04 1.059667845056665349e-10 6.815244360427100000e+13 4.676345762304680000e+16 9.057080145778800000e+13 9.107530495582000000e+13 4.683954610092099200e+16 7.019791631615241600e+16 6.977830863073913600e+16
8.391917680957470260e-01 1.550949260752687575e+00 6.212130121544412464e-01 9.649559756821953771e-01 1.000000000000000000e+00 1.000000000000000000e+00 1.000000000000000000e+00 7.853981633974482790e-01 1.600000000000000000e+01 6.935493065357636877e-04 2.355550925266452642e-10 6.772969728622800000e+13 4.666345796690666400e+16 9.051084713622600000e+13 8.964756058589900000e+13 4.654670489548856000e+16 6.909023590940474400e+16 6.986477020888373600e+16
8.458990464247265750e-01 1.612460288367546957e+00 5.994612591609835839e-01 9.687227119207479920e-01 1.000000000000000000e+00 1.000000000000000000e+00 1.000000000000000000e+00 7.853981633974482790e-01 1.600000000000000000e+01 7.023995017860396213e-04 1.625520898078152103e-10 6.705376594566600000e+13 4.620685191672008800e+16 8.958138028324100000e+13 8.956582456377100000e+13 4.617693998016324000e+16 6.917123133825512000e+16 6.923196181999516000e+16
8.702080563726990459e-01 1.464202254398826453e+00 5.426180967876494954e-01 9.640889256861728818e-01 1.000000000000000000e+00 1.000000000000000000e+00 1.000000000000000000e+00 7.853981633974482790e-01 1.600000000000000000e+01 6.851285363367999679e-04 1.899331520190294652e-10 6.805285186095900000e+13 4.675984280213088800e+16 9.054315126134700000e+13 9.044421743635600000e+13 4.673394756228241600e+16 6.965311230873070400e+16 6.973628658557844800e+16
8.583238336903071808e-01 9.084627779814271609e-01 5.483762795751794261e-01 9.681871056131816644e-01 1.000000000000000000e+00 1.000000000000000000e+00 1.000000000000000000e+00 7.853981633974482790e-01 1.600000000000000000e+01 6.841913509172076278e-04 1.317783385741667360e-10 6.814892274214100000e+13 4.679359610012928000e+16 9.061982287747800000e+13 9.086044091324000000e+13 4.680492617147814400e+16 7.001467439564237600e+16 6.978978968262048000e+16
