1.0 1.0 1.0 0.7853981633974483 16.0 0.0011128397448756117 1.3347334302942814e-10 47701034258434.0 3.3795480814332064e+16 66342228252040.0 66449397574858.0 3.3901271208135708e+16 5.312388072982356e+16 5.278805433712925e+16
1.0 1.0 1.0 0.7853981633974483 16.0 0.0017408865334586359 1.7277297753567143e-09 34873736054172.0 2.595793335070852e+16 50435619718923.0 49109469973275.0 2.559716093796816e+16 4.025558034408958e+16 4.1734277825243256e+16
1.0 1.0 1.0 0.7853981633974483 16.0 0.001963534961095473 1.4957634608776388e-09 31391793766009.0 2.3246832508815944e+16 46053948493173.0 46392327179928.0 2.354669220475558e+16 3.8827402663960984e+16 3.821743915384283e+16
1.0 1.0 1.0 0.7853981633974483 16.0 0.0018512978849313099 1.0786287339795963e-10 33807369318384.0 2.512796243367693e+16 49110451856269.0 49588408597615.0 2.528754338101383e+16 4.1379400596412e+16 4.08562575299837e+16
1.0 1.0 1.0 0.7853981633974483 16.0 0.0013173278092570616 5.601645666828811e-10 42143366290063.0 3.037851255262459e+16 59226691709501.0 59374941362298.0 3.02419132869283e+16 4.771755577358368e+16 4.79858703508908e+16
1.0 1.0 1.0 0.7853981633974483 16.0 0.0016125748400502677 2.4704351995319266e-10 36965099689779.0 2.748382117193936e+16 54537643053032.0 52517389279162.0 2.6941981567942692e+16 4.305287289125195e+16 4.51303268921386e+16
1.0 1.0 1.0 0.7853981633974483 16.0 0.0018226960308999314 1.4813928190430947e-09 35472150957065.0 2.6336221334870148e+16 50434896242928.0 51965159615701.0 2.6825151028688924e+16 4.364656320950714e+16 4.18161041577866e+16
1.0 1.0 1.0 0.7853981633974483 16.0 0.0013092255818262918 7.525829896324634e-11 40983954464703.0 2.948174913035081e+16 58823600483788.0 56885802945167.0 2.907037792502852e+16 4.553306680244437e+16 4.738272854016138e+16
1.0 1.0 1.0 0.7853981633974483 16.0 0.0014452594126139963 1.5585895939269678e-10 38139652761836.0 2.737758707382677e+16 53638125806709.0 54426906089639.0 2.757121672372024e+16 4.407423530287118e+16 4.326499024626998e+16
1.0 1.0 1.0 0.7853981633974483 16.0 0.001533731060631981 3.7189825975707963e-10 37510278741554.0 2.719242046287695e+16 52611259886316.0 54079806699494.0 2.7424963973156148e+16 4.401097476868729e+16 4.282628201210434e+16
1.0 1.0 1.0 0.7853981633974483 16.0 0.0016759673566998207 4.732739468089877e-10 35671322747541.0 2.588145015033253e+16 49531945654273.0 52601062058818.0 2.6426956361218044e+16 4.314734638716424e+16 4.0675963811446456e+16
1.0 1.0 1.0 0.7853981633974483 16.0 0.0016419621412865843 4.7288872012915625e-11 35821310522950.0 2.615879129400466e+16 51296087945551.0 52185563857514.0 2.6323468959655296e+16 4.287227269346403e+16 4.209489532119853e+16
1.0 1.0 1.0 0.7853981633974483 16.0 0.0019300531588815639 3.2407530527413335e-10 32354326765905.0 2.3949855158516948e+16 46791496988451.0 47744160188697.0 2.4279750903464584e+16 3.988185280383784e+16 3.88786294625111e+16
1.0 1.0 1.0 0.7853981633974483 16.0 0.0016742878148021593 7.371655747720587e-09 33731656111180.0 2.471202532422651e+16 50539072944582.0 49377047557920.0 2.419913050605897e+16 4.006338354918213e+16 4.1682813326903864e+16
1.0 1.0 1.0 0.7853981633974483 16.0 0.0018286688916497175 2.386056748078023e-10 36960918326364.0 2.8298247376697452e+16 54545626015786.0 50432270962675.0 2.7297790890269256e+16 4.189628765431541e+16 4.578473150020965e+16
1.0 1.0 1.0 0.7853981633974483 16.0 0.0012055602333527506 1.0044141622457932e-10 44378831857101.0 3.1745468151045136e+16 62780082002444.0 60051401598609.0 3.1310381167535484e+16 4.7847801252953624e+16 5.009313503601659e+16
1.0 1.0 1.0 0.7853981633974483 16.0 0.001190840746781671 4.1377912506220845e-10 45229205367751.0 3.205837102175681e+16 61880752709859.0 63167179857702.0 3.242974243589861e+16 5.061836215578917e+16 4.9156454114903704e+16
1.0 1.0 1.0 0.7853981633974483 16.0 0.001343656419718109 5.968641467719039e-10 40665787402575.0 2.918936647613584e+16 57215033692012.0 57024512432720.0 2.9312814998988176e+16 4.593598924576156e+16 4.593300217364982e+16
1.0 1.0 1.0 0.7853981633974483 16.0 0.0012404024825395322 3.9664178352060823e-10 44232319300795.0 3.166967333380206e+16 60818624901762.0 61881681174584.0 3.1739647363378976e+16 4.947803076605524e+16 4.889616760306797e+16
1.0 1.0 1.0 0.7853981633974483 16.0 0.0011680419622750633 9.576751299525669e-11 45968190121269.0 3.275854138447116e+16 63747140648827.0 64132927088592.0 3.2748853116248756e+16 5.118665595413496e+16 5.102072353882121e+16
1.0 1.0 1.0 0.7853981633974483 16.0 0.001236980049160037 8.327022625065622e-10 43147730736676.0 3.0732411687334064e+16 59358861338431.0 60398473668528.0 3.0867959411596824e+16 4.8274605100186456e+16 4.731798141258925e+16
1.0 1.0 1.0 0.7853981633974483 16.0 0.0014335605195883341 7.90843661861149e-12 39641965110446.0 2.8643125913599376e+16 55667506838809.0 55996102962091.0 2.869301632610658e+16 4.539781469445446e+16 4.513130866330036e+16
1.0 1.0 1.0 0.7853981633974483 16.0 0.0013714438940168319 7.348990102042938e-11 39935399916801.0 2.8662899764804976e+16 56210635167316.0 56036646694963.0 2.8632923488067492e+16 4.504077677471715e+16 4.5247047317340344e+16
1.0 1.0 1.0 0.7853981633974483 16.0 0.0016145391942044235 2.0831929255557117e-10 36475470593834.0 2.65828003691304e+16 51626631080393.0 52812690971967.0 2.683769272466999e+16 4.336703339456331e+16 4.2212016223016424e+16
1.0 1.0 1.0 0.7853981633974483 16.0 0.001249148266210304 5.917451223183004e-10 41996364071121.0 2.9566436452612692e+16 56889656712862.0 60161069232619.0 3.018573963940923e+16 4.811094180038062e+16 4.521113282180786e+16
1.0 1.0 1.0 0.7853981633974483 16.0 0.0016317240014963909 4.1265539338441086e-10 35391949143533.0 2.6107828804269076e+16 52556216991482.0 50269670498001.0 2.5626450130571932e+16 4.1091441770727176e+16 4.3264509208197816e+16
1.0 1.0 1.0 0.7853981633974483 16.0 0.0009709856150085731 1.1686437149804642e-10 52389253865171.0 3.66931046707831e+16 71290031717549.0 72092507820669.0 3.691154431611217e+16 5.689934282821892e+16 5.61075758431618e+16
1.0 1.0 1.0 0.7853981633974483 16.0 0.0015230975321708765 9.97547390105617e-10 39612711111830.0 2.8657346253390364e+16 53681010878425.0 58271224960905.0 2.9648370121221708e+16 4.813646724750635e+16 4.382963390615851e+16
1.0 1.0 1.0 0.7853981633974483 16.0 0.001142302697094875 2.9387496130119653e-09 46743664510220.0 3.3623078007270176e+16 65747096698897.0 60561814832838.0 3.2855857845180316e+16 4.805272624170474e+16 5.214157510429872e+16
1.0 1.0 1.0 0.7853981633974483 16.0 0.002049348994555732 5.0522188629405864e-11 29291475961836.0 2.165823893151449e+16 42896045570537.0 42505231148214.0 2.160535654987676e+16 3.5063813296912092e+16 3.549512315860233e+16
1.0 1.0 1.0 0.7853981633974483 16.0 0.0012325831686354465 8.125875049098735e-11 43237662704712.0 3.0731782754021092e+16 60357532500970.0 60177840967242.0 3.067923487851534e+16 4.801566882398025e+16 4.822079874964236e+16
1.0 1.0 1.0 0.7853981633974483 16.0 0.00143251516213423 7.67465378079275e-11 38193304307518.0 2.734575336823422e+16 53640771251667.0 53842989745006.0 2.743329989220678e+16 4.337862939404923e+16 4.308916342696495e+16
1.0 1.0 1.0 0.7853981633974483 16.0 0.0018971143073824959 2.2376248379058864e-09 30442271211888.0 2.240552368601449e+16 45279304344687.0 44731506543898.0 2.2246501573885132e+16 3.666078576572431e+16 3.735376810238266e+16
1.0 1.0 1.0 0.7853981633974483 16.0 0.00094927262941512 6.826777364410813e-12 52020123162097.0 3.569473367319123e+16 68277014979476.0 73123108600708.0 3.671158302251414e+16 5.744502110365565e+16 5.3093123130927496e+16
1.0 1.0 1.0 0.7853981633974483 16.0 0.001518994112187143 4.522352829697312e-10 36493571099997.0 2.642401408843792e+16 52401643922163.0 51011545500543.0 2.601338696275217e+16 4.0993072996346824e+16 4.242844483806645e+16
1.0 1.0 1.0 0.7853981633974483 16.0 0.0011235450608408078 5.80965151921462e-10 44856141142850.0 3.1592683179412184e+16 62547353227480.0 60232306976165.0 3.1043466717089884e+16 4.700178124505818e+16 4.934746251724717e+16
1.0 1.0 1.0 0.7853981633974483 16.0 0.0015556244460839309 6.747811472152485e-10 35618068035442.0 2.595265587760537e+16 51331731379369.0 49917085174058.0 2.564113647328961e+16 4.028646441477658e+16 4.167278025617678e+16
1.0 1.0 1.0 0.7853981633974483 16.0 0.0008442481584413721 3.143031122904061e-10 55654107670119.0 3.806819511732538e+16 75826715849652.0 76237655920461.0 3.833270372594632e+16 5.922649068297628e+16 5.86308377023811e+16
1.0 1.0 1.0 0.7853981633974483 16.0 0.00116567960755532 8.681887105015551e-10 46419642198837.0 3.3452589239871656e+16 64693815352907.0 62168083732168.0 3.2702316439971908e+16 4.926009152044756e+16 5.1920764977941864e+16
1.0 1.0 1.0 0.7853981633974483 16.0 0.0012721436338983757 3.926221246237097e-11 41096921515649.0 2.9178114631424332e+16 57433360306120.0 57553145080537.0 2.904410074034786e+16 4.569322381037018e+16 4.5809416302499176e+16
1.0 1.0 1.0 0.7853981633974483 16.0 0.001052380050714681 2.8765423539068245e-10 48173369880076.0 3.3625101916204108e+16 66264546360247.0 66141194069528.0 3.3706419488555244e+16 5.218090187113624e+16 5.208199806911724e+16
1.0 1.0 1.0 0.7853981633974483 16.0 0.0015094262056347479 1.2755439843603381e-09 37221258129488.0 2.704412860794707e+16 53142974725750.0 52825368000626.0 2.6833497618061464e+16 4.261101772547969e+16 4.330782082673363e+16
1.0 1.0 1.0 0.7853981633974483 16.0 0.0010840703568990328 1.291398007334422e-09 48339205333360.0 3.3500584065089376e+16 64197982087126.0 68696659502886.0 3.4950151458369364e+16 5.523497067452046e+16 5.0387942533670344e+16
1.0 1.0 1.0 0.7853981633974483 16.0 0.0009741698884597853 3.7241135105349255e-10 52722212612736.0 3.7190901864025896e+16 71781026411257.0 70408754398062.0 3.673800683824673e+16 5.505066701875412e+16 5.673009732662927e+16
1.0 1.0 1.0 0.7853981633974483 16.0 0.0010125105451362446 3.652815412927458e-10 47736249351189.0 3.3086368245873204e+16 66002087789811.0 65923953776822.0 3.3074720026270404e+16 5.13480333880637e+16 5.189974480251106e+16
1.0 1.0 1.0 0.7853981633974483 16.0 0.0011611004261349862 1.2326076841071523e-10 43818585725081.0 3.0615010412622544e+16 59580303501819.0 61003901978807.0 3.0955313743900816e+16 4.831766124490216e+16 4.6897218433504376e+16
1.0 1.0 1.0 0.7853981633974483 16.0 0.0013152718661612398 6.678244759599678e-10 43710757377132.0 3.1387292758191324e+16 58418476076496.0 60176370206346.0 3.1846207589072228e+16 4.8334806032713096e+16 4.674218514852218e+16
1.0 1.0 1.0 0.7853981633974483 16.0 0.0009585597852230963 1.1610861551926687e-09 48546503379211.0 3.3019840774666748e+16 66211527008834.0 68125715633678.0 3.363046706697907e+16 5.3235699655089784e+16 5.148008669952326e+16
1.0 1.0 1.0 0.7853981633974483 16.0 0.0011536073624023484 1.282676821382125e-09 44278599116273.0 3.149477525294213e+16 64836298674711.0 59551223995166.0 3.0600499806623616e+16 4.70191919026095e+16 5.165998240285414e+16
1.0 1.0 1.0 0.7853981633974483 16.0 0.0010126065261466344 5.949944290482341e-10 49978184567352.0 3.4820916329356136e+16 68046411967125.0 68421932868007.0 3.4872735692048316e+16 5.364168331219499e+16 5.357286034089605e+16
1.0 1.0 1.0 0.7853981633974483 16.0 0.0014036280448367073 9.097493305927163e-10 36639373009970.0 2.592151892682568e+16 52179158454043.0 51789446511328.0 2.6106028190411084e+16 4.164524142535245e+16 4.1348027953633864e+16
1.0 1.0 1.0 0.7853981633974483 16.0 0.0009832372123837142 3.287422755769056e-11 49589382757869.0 3.435478912590369e+16 67213524033979.0 68125961877220.0 3.4562076088153484e+16 5.333170495013243e+16 5.244252077099273e+16
1.0 1.0 1.0 0.7853981633974483 16.0 0.0013424229527925703 7.230733882597403e-10 39421858620375.0 2.7947881256615764e+16 55746219767975.0 56251576930533.0 2.8384163149030536e+16 4.54098214336539e+16 4.447234369871626e+16
1.0 1.0 1.0 0.7853981633974483 16.0 0.0018828214362851675 6.451435412904009e-09 30959399140106.0 2.231887021942221e+16 44381758477214.0 48371138784988.0 2.3050874107675544e+16 4.031759884806992e+16 3.639680557808558e+16
1.0 1.0 1.0 0.7853981633974483 16.0 0.0010924635874574908 6.680004026625268e-10 48392023140005.0 3.370436629051005e+16 65560372525305.0 67744399333360.0 3.464202705320755e+16 5.4088599579110456e+16 5.160142815642205e+16
1.0 1.0 1.0 0.7853981633974483 16.0 0.0011831992530831822 1.6344415253754033e-11 43558526436362.0 3.075559178278363e+16 60905965675475.0 60098162874405.0 3.0694491435615944e+16 4.759941284527759e+16 4.837044797315396e+16
1.0 1.0 1.0 0.7853981633974483 16.0 0.0012744305661768053 2.7203174944639085e-10 45051413332599.0 3.211254620815833e+16 60551953990149.0 62999018667015.0 3.267873092845162e+16 5.067265887306563e+16 4.859760625772076e+16
1.0 1.0 1.0 0.7853981633974483 16.0 0.0009713650266764738 1.8395762416782185e-09 52785531652766.0 3.785855712384996e+16 73565744255276.0 69369037990521.0 3.646710924954477e+16 5.3932777207083624e+16 5.870679373220576e+16
1.0 1.0 1.0 0.7853981633974483 16.0 0.0014047856059130602 2.3394346216896975e-10 39869433353911.0 2.887356743252099e+16 57363366911168.0 56452911753305.0 2.8646966645632736e+16 4.5699602709517944e+16 4.668456063160344e+16
1.0 1.0 1.0 0.7853981633974483 16.0 0.0011624225637110607 2.9556259302313496e-11 44791789141086.0 3.1688138311887052e+16 62011741561514.0 62146101201354.0 3.177289393825801e+16 4.937463625075553e+16 4.923468338997971e+16
1.0 1.0 1.0 0.7853981633974483 16.0 0.0012410165479110023 9.216146881507814e-10 40958105779511.0 2.864464434153911e+16 56347132401573.0 57769686765071.0 2.8731884020152932e+16 4.54488602859944e+16 4.462528405231388e+16
1.0 1.0 1.0 0.7853981633974483 16.0 0.0014155959120722116 4.670124848609347e-10 38435703630332.0 2.7833187158494548e+16 55124227128776.0 53237059681986.0 2.7194829450773904e+16 4.2555093559789464e+16 4.450351921695745e+16
1.0 1.0 1.0 0.7853981633974483 16.0 0.0013334486685542637 2.213386587395929e-09 40501570969267.0 2.850464757123295e+16 56682591959509.0 58294154415560.0 2.900662100888969e+16 4.716733340813466e+16 4.5131089510965944e+16
1.0 1.0 1.0 0.7853981633974483 16.0 0.0012223443255650244 2.6061256183216347e-09 43426335601341.0 3.120766721730065e+16 61495267877701.0 59855998046148.0 3.038110017073153e+16 4.716187686853258e+16 4.972213207464896e+16
1.0 1.0 1.0 0.7853981633974483 16.0 0.0008305576225288392 1.0995693337510756e-08 60851751482990.0 4.298609309107373e+16 78552598850283.0 78973776281471.0 4.295496176424605e+16 6.1434085001670104e+16 6.11405236737222e+16
1.0 1.0 1.0 0.7853981633974483 16.0 0.0009231622244007742 1.9869807162445024e-08 57065676128073.0 4.060336489345576e+16 72473849642097.0 75027440987771.0 4.09823547541277e+16 5.9034622349550024e+16 5.679027934096454e+16
1.0 1.0 1.0 0.7853981633974483 16.0 0.0009009435860542939 3.036945873514416e-08 57844660204182.0 4.130199190010503e+16 73349797281342.0 73337350697035.0 4.135045282290848e+16 5.722980567980636e+16 5.7265345481346776e+16
0.9999271465139484 1.0199401818884388 1.0020279253061406 0.7884525575746494 15.938017441422796 0.0010974207421363424 2.2588206890461875e-08 48058316888157.0 3.3852967217922948e+16 59111260837452.0 63764557064652.0 3.492793238160204e+16 5.046772036995881e+16 4.573569070250752e+16
1.0 1.0 1.0 0.7853981633974483 16.0 0.0008782382549837524 1.888104935874908e-08 58652587320777.0 4.151806614627533e+16 74835781717875.0 75661006787259.0 4.1823028297773416e+16 5.920768082410727e+16 5.821892715524489e+16
1.0 1.0 1.0 0.7853981633974483 16.0 0.0010034509616135149 3.8843058266552505e-08 54086081159344.0 3.9087115206545736e+16 69253030828057.0 69006159840962.0 3.906603158019324e+16 5.440834628852296e+16 5.458647619256084e+16
1.0 1.0 1.0 0.7853981633974483 16.0 0.0010747018980015914 6.112025494635165e-08 51324939357646.0 3.7519773097179944e+16 65357744290737.0 64964960272370.0 3.72754394846943e+16 5.112451287535333e+16 5.178612859473422e+16
0.9993296900350098 0.9755102040816327 0.9997645989767628 0.784381666715706 16.020734736159724 0.0012277471671412817 1.777096961954078e-08 37654107653651.0 2.6943936629097596e+16 50948506387791.0 44648657013393.0 2.5120751932937348e+16 3.3134129074273684e+16 3.973660761611761e+16
1.0 1.0 1.0 0.7853981633974483 16.0 0.0009330400346790348 2.787683617728412e-08 57043979812328.0 4.1010241808878e+16 73777789458925.0 72105389355110.0 4.078348718953205e+16 5.65731889663927e+16 5.799857467017671e+16
1.0 1.0 1.0 0.7853981633974483 16.0 0.0010585451563891906 6.30005656373511e-08 51169523932865.0 3.713467876901407e+16 64534209204426.0 65022634530391.0 3.730424015884312e+16 5.129525095545166e+16 5.0537569286143416e+16
1.0 1.0 1.0 0.7853981633974483 16.0 0.0009151711511034566 2.3294211763524288e-08 57086579449053.0 4.091385097739933e+16 73896642618223.0 72985538078204.0 4.072766831102206e+16 5.7109009411313e+16 5.79322622607649e+16
1.0 1.0 1.0 0.7853981633974483 16.0 0.0008799529618624443 2.130537445104972e-08 58941076143226.0 4.1959959386675336e+16 75382887866102.0 75578663748326.0 4.203210689703838e+16 5.910625282583501e+16 5.876035589978308e+16
1.0 1.0 1.0 0.7853981633974483 16.0 0.0008396039580567649 1.605588884608942e-08 60557820085138.0 4.291285249824918e+16 77641313853446.0 77543887509506.0 4.277711598081148e+16 6.022665976303986e+16 6.053210883287335e+16
1.0 1.0 1.0 0.7853981633974483 16.0 0.0009646224966612977 3.251814675667683e-08 56049639659806.0 4.0446853469458616e+16 72446288138363.0 70919622882577.0 4.032426990005308e+16 5.572069494368518e+16 5.713987779396179e+16
0.9999761115076601 1.0 0.9957867153944322 0.778775289408649 16.13606747063232 0.0013597585352611889 1.9532508671642847e-07 44817984896714.0 3.376315333161122e+16 56427475990698.0 54473807995909.0 3.340290266589733e+16 4.341352632985936e+16 4.532520056173415e+16
1.0 1.0 1.0 0.7853981633974483 16.0 0.0008288910422372202 1.0229327528883776e-08 60344400287091.0 4.266462520143832e+16 78878013777444.0 77994495247678.0 4.249957993152291e+16 6.053666258256014e+16 6.144963607514113e+16
1.0 1.0 1.0 0.7853981633974483 16.0 0.0009708862043431948 2.899740248917906e-08 55070037373813.0 3.9794668928164696e+16 71564422209699.0 70222073739548.0 3.9466291635477304e+16 5.511945298642029e+16 5.64306709724353e+16
1.0 1.0 1.0 0.7853981633974483 16.0 0.0008876599646949323 1.7538172618343352e-08 57886176674266.0 4.1213775721007816e+16 74964182679701.0 74562587504058.0 4.116207515120388e+16 5.816541300498658e+16 5.8562165355073464e+16
1.0 1.0 1.0 0.7853981633974483 16.0 0.0009328898191071202 3.090482831243766e-08 55917526357986.0 4.019162697613154e+16 71923740859654.0 70844176113679.0 3.994383889027139e+16 5.512544496283782e+16 5.637323783973796e+16
1.0 1.0 1.0 0.7853981633974483 16.0 0.0008529218090395966 1.7868224703464023e-08 59284195119253.0 4.205083923865669e+16 76137137813356.0 75955356458700.0 4.196948193068848e+16 5.893152176928657e+16 5.9295106024805176e+16
1.0 1.0 1.0 0.7853981633974483 16.0 0.0009059422507520941 2.447512481522505e-08 58100653350863.0 4.153296943444814e+16 75345342630292.0 72973985312234.0 4.1425391471323496e+16 5.69793466117132e+16 5.9155024645378776e+16
1.0 1.0 1.0 0.7853981633974483 16.0 0.0008342045002688749 1.3512106590670696e-08 60861335252455.0 4.304431969505311e+16 78656968302300.0 77874100040488.0 4.2962179249818744e+16 6.054189304220138e+16 6.129917867952278e+16
1.0 1.0 1.0 0.7853981633974483 16.0 0.0010928880688886185 7.087748108203403e-08 51871355354764.0 3.780111588937498e+16 64562207533142.0 66649720653313.0 3.828035656841634e+16 5.289951213553674e+16 5.1075788853679816e+16
1.0 1.0 1.0 0.7853981633974483 16.0 0.0010103209348070264 3.059772998894622e-08 54312934246980.0 3.939844799141596e+16 70420064252091.0 69909123308935.0 3.923900087554955e+16 5.507300039058768e+16 5.576434608709702e+16
1.0 1.0 1.0 0.7853981633974483 16.0 0.0009447849129221415 3.3726702184408356e-08 56228350958454.0 4.025774671273828e+16 71129323281882.0 71529568218092.0 4.033379829092176e+16 5.6028873181238936e+16 5.583019975282426e+16
1.0 1.0 1.0 0.7853981633974483 16.0 0.000990380970660117 3.521926461229131e-08 55592929753487.0 4.020227560340688e+16 71646638550116.0 70211181071786.0 4.008587872623655e+16 5.543583441427515e+16 5.650201534312795e+16
0.9873692048461433 0.9929078005412898 1.0172570513187553 0.8024636649224861 15.659737834451382 0.0009638490993132133 1.821709501298729e-08 40408695114956.0 2.76866596018288e+16 54988715333959.0 50165140835348.0 2.5975401337099268e+16 3.617075112716259e+16 4.167329423749817e+16
0.9909122941657038 0.9723593253957494 0.733143953141973 0.41823301364616655 30.04633829549996 0.0018615866285765482 7.692881579929505e-08 27413066167818.0 1.9732938246285664e+16 34965835226492.0 33335577927531.0 1.8981083453263784e+16 2.513348756603959e+16 2.7505055001386104e+16
1.0 1.0 1.0 0.7853981633974483 16.0 0.000967589010351312 4.660678919729143e-08 55455501053033.0 3.997832427385255e+16 69285095169424.0 70773036006823.0 4.009359662967346e+16 5.554973037126999e+16 5.432837178433361e+16
1.0 1.0 1.0 0.7853981633974483 16.0 0.0009596198047773533 2.857028199044575e-08 54520102382275.0 3.9188468599473944e+16 70006979396995.0 71034746540961.0 3.9313695824133624e+16 5.579570951785903e+16 5.4778164765686856e+16
1.0 1.0 1.0 0.7853981633974483 16.0 0.0010872232490421558 4.220650873935893e-08 52686947482258.0 3.83640571557893e+16 67500060453792.0 68476529215149.0 3.866244219862203e+16 5.476312379081632e+16 5.363769125857189e+16
1.0 1.0 1.0 0.7853981633974483 16.0 0.0009649217920523975 3.3116381982955625e-08 55920535351312.0 4.0268980708664104e+16 71352511723039.0 71287257251240.0 4.021636254506012e+16 5.602341191259702e+16 5.613106355561295e+16
1.0 1.0 1.0 0.7853981633974483 16.0 0.0008091907769841601 8.695267626312973e-09 61375773316660.0 4.315984689417215e+16 79482732252961.0 80020461879634.0 4.3188433825223784e+16 6.208121785949275e+16 6.177524661723433e+16
1.0 1.0 1.0 0.7853981633974483 16.0 0.0009744589861399404 1.0608699787822663e-08 55962489006148.0 4.005657184747593e+16 73448704578206.0 75189899928211.0 4.045702935757211e+16 5.98859681968184e+16 5.817862162103136e+16
1.0 1.0 1.0 0.7853981633974483 16.0 0.0011437083695502613 2.0180391978411713e-08 50598544306174.0 3.711606506623456e+16 67914133976319.0 67932988600032.0 3.7146809718495016e+16 5.482394599149553e+16 5.473093603941187e+16
1.0 1.0 1.0 0.7853981633974483 16.0 0.0009727891670557722 2.677322045495537e-08 55558845915321.0 3.977360429387043e+16 69946054894410.0 73685216972982.0 4.0327530205132216e+16 5.8430080731359816e+16 5.490897484225935e+16
1.0 1.0 1.0 0.7853981633974483 16.0 0.0013329331246266422 1.8293688517273543e-11 44363373634815.0 3.2338240765502548e+16 62882901701509.0 65590192770239.0 3.2972027239176212e+16 5.4103344265133224e+16 5.165548210799272e+16
0.9970133738790455 1.0446985446985446 0.9912729284542989 0.7690768913976748 16.339550381655332 0.0012218025734304094 5.723106208268024e-08 42007053229200.0 2.9383247964081708e+16 51645135084774.0 52271114037981.0 2.9900504431559468e+16 4.0958109041174056e+16 3.934117391225808e+16
1.0 1.0 1.0 0.7853981633974483 16.0 0.0009139284946340881 1.3922037618399084e-08 57536482615639.0 4.1219842025400056e+16 75371992384750.0 75102464542579.0 4.099684225428888e+16 5.890443624113474e+16 5.941443031742504e+16
1.0 1.0 1.0 0.7853981633974483 16.0 0.0010056934162456631 1.757446716043828e-08 54959595288968.0 3.973340942974757e+16 72173427721440.0 72433009589482.0 3.969731074895789e+16 5.754445528648374e+16 5.742401791471886e+16
1.0 1.0 1.0 0.7853981633974483 16.0 0.0010733080807819894 2.079369690318832e-08 53450876296993.0 3.902836153855367e+16 70948003880546.0 70358672383382.0 3.89278788768718e+16 5.640562716179896e+16 5.6833761962553304e+16
0.9999422246548684 1.044238683127572 1.0014403527687554 0.7872479307793007 15.962405391043278 0.0010482910908384767 3.570000346391946e-08 51172314001930.0 3.681567063859619e+16 65837742819807.0 63957063232249.0 3.685447475227518e+16 5.0356947966357656e+16 5.183809889757286e+16
1.0 1.0 1.0 0.7853981633974483 16.0 0.0009157621383045995 8.567365001517268e-09 57375339934816.0 4.0955362050807144e+16 76219666693933.0 75489776285124.0 4.082971071183853e+16 5.943944683074802e+16 6.0094884530491976e+16
1.0 1.0 1.0 0.7853981633974483 16.0 0.0011993681967145927 2.1223676703845357e-08 48500937851954.0 3.5744010447947196e+16 65569708907568.0 65608990998394.0 3.572442984489167e+16 5.3059997552771704e+16 5.3069855351957064e+16
1.0 1.0 1.0 0.7853981633974483 16.0 0.0010892134259468964 1.5801444245674418e-08 51394381269697.0 3.759578925259922e+16 69452552977131.0 68793640423703.0 3.730276587323355e+16 5.4942667729349336e+16 5.5950322343676696e+16
1.0 1.0 1.0 0.7853981633974483 16.0 0.0013119840940668864 2.2160263496571137e-09 45527307114154.0 3.326198030511926e+16 63289800160266.0 65956595331415.0 3.3943003740912676e+16 5.4360760126110584e+16 5.175508011301283e+16
1.0 1.0 1.0 0.7853981633974483 16.0 0.0010035987182794674 1.731595357946535e-08 54457218896721.0 3.9413774110609256e+16 71750895964380.0 71932220092780.0 3.9250737725274296e+16 5.697072503496749e+16 5.712506088397039e+16
1.0 1.0 1.0 0.7853981633974483 16.0 0.0008789200579484881 1.2816479468585513e-08 58386895709435.0 4.1637207195490664e+16 77085284429521.0 75184244235646.0 4.136244642159859e+16 5.86410541668007e+16 6.0482953021579336e+16
0.9994502872446084 0.993027887598518 1.0015560829178884 0.7874016302447621 15.95928955652904 0.001295412446090393 1.2225964209874374e-08 37917355493099.0 2.6659276260593932e+16 49162887259526.0 49882942617688.0 2.6330298231944664e+16 3.834270530157646e+16 3.8247935627783304e+16
1.0 1.0 1.0 0.7853981633974483 16.0 0.0008637575405843035 8.550387134572483e-09 59343326779116.0 4.2185333608090744e+16 78332530954521.0 77421172696831.0 4.192185233296179e+16 6.0449769410905144e+16 6.148048702956816e+16
1.0 1.0 1.0 0.7853981633974483 16.0 0.001108221468558573 1.7388123360688911e-09 50875474140300.0 3.6535118831564616e+16 69186305691796.0 71179192149304.0 3.696550750046011e+16 5.748523198476103e+16 5.5698468648600024e+16
1.0 1.0 1.0 0.7853981633974483 16.0 0.000919845707725466 2.4645092360370105e-09 57503447538003.0 4.098327342759157e+16 77686978253303.0 77631115043025.0 4.0807525509724504e+16 6.134765053692836e+16 6.170942200387298e+16
1.0 1.0 1.0 0.7853981633974483 16.0 0.000988521150207415 2.4678378067331855e-11 53261915603480.0 3.782323600540064e+16 74243441213951.0 74223489102320.0 3.784231708541875e+16 5.923637667530318e+16 5.923372747523901e+16
1.0 1.0 1.0 0.7853981633974483 16.0 0.0008306589465869846 5.539878725048056e-09 60534400429050.0 4.253914694018923e+16 79128676891306.0 80275379496861.0 4.273996211778667e+16 6.272662197329971e+16 6.1683204385855224e+16
0.9997192798611716 0.9949949943834209 0.9994418861172853 0.784296557377864 16.022473254724307 0.001105710748917175 4.469756657961349e-08 48782209008485.0 3.5163672619539012e+16 61951862023046.0 61689483249301.0 3.509731034439489e+16 4.837832702481387e+16 4.874957370227979e+16
1.0 1.0 1.0 0.7853981633974483 16.0 0.001180127888444764 1.6706763679741673e-08 49872273148590.0 3.665443515753356e+16 67438857513242.0 67506861682426.0 3.672403816888317e+16 5.469005476850669e+16 5.460697853181999e+16
1.0 1.0 1.0 0.7853981633974483 16.0 0.001036423986735893 1.5688524963756125e-08 52571995364842.0 3.819014165930173e+16 70886202290355.0 69201115874563.0 3.787047302876313e+16 5.488505529488855e+16 5.6620616782762824e+16
0.9933260904085853 0.993006993006993 1.0190149093965277 0.8100978019372291 15.512164808136196 0.0015572078063523125 3.8760764040319526e-08 36367034999914.0 2.6083204131244756e+16 44495728177762.0 49490453582614.0 2.701283364152993e+16 3.995247759387485e+16 3.506007692992066e+16
1.0 1.0 1.0 0.7853981633974483 16.0 0.0010794260473121818 1.2640977848459708e-08 52903295955926.0 3.834203466455892e+16 70809896149015.0 70388796482071.0 3.8478518027681944e+16 5.652374255251978e+16 5.6708768334884664e+16
0.9994931000472767 1.05175983436853 0.9968645451035065 0.7795886489744934 16.119232406589745 0.001594674487518025 1.79115173600472e-08 29413522935485.0 1.9467093180689744e+16 38243232088504.0 42848123441399.0 2.153443302612257e+16 3.445822887719537e+16 2.8986906189395544e+16
0.9999901872662116 0.9950592885375494 1.0005806107734134 0.7862979112446449 15.981691461532236 0.001306363081744383 8.834338175982179e-10 44528122279220.0 3.2478860381419372e+16 63188319091964.0 61430201455247.0 3.237528771891491e+16 4.971107451818229e+16 5.159450751002927e+16
1.0 1.0 1.0 0.7853981633974483 16.0 0.0009574874588560644 1.3313888531705555e-08 56129554076004.0 4.019782839559855e+16 73418614038160.0 74570748009106.0 4.040525740507846e+16 5.90822346813722e+16 5.801517463568631e+16
0.9975109673308336 0.9901477832512315 1.005934385290586 0.7927499520333823 15.851619520287285 0.001223440549778817 7.176669999177361e-08 46513384506102.0 3.4119606136161108e+16 60358589432714.0 58383375035067.0 3.3922058370501428e+16 4.614722043584208e+16 4.808484764214982e+16
1.0 1.0 1.0 0.7853981633974483 16.0 0.0010807479348703374 1.9365055891030233e-08 53513798383923.0 3.887929666364894e+16 69972702340789.0 71766491108912.0 3.920424070957511e+16 5.769642355290707e+16 5.611507680642947e+16
0.9734102405598248 0.9979919678714859 1.0155709733539937 0.7885076526704031 15.936903810383088 0.0008731207682451455 1.469806273112724e-09 50323776515412.0 3.375037031982603e+16 64408354356224.0 67202990109093.0 3.4450945690165504e+16 5.133442469143926e+16 4.835739203389526e+16
1.0 1.0 1.0 0.7853981633974483 16.0 0.0009743876012776138 2.0245951633016927e-08 56062597173568.0 4.035981470362654e+16 72622779258566.0 73519483620576.0 4.0463722607845064e+16 5.835066014927902e+16 5.733648048515032e+16
1.0 1.0 1.0 0.7853981633974483 16.0 0.0009176165879502967 2.0986962891507232e-08 57387322982998.0 4.111016160587477e+16 74515431716738.0 73362037315070.0 4.094440790204461e+16 5.752184191643579e+16 5.841590536658632e+16
1.0 1.0 1.0 0.7853981633974483 16.0 0.0011770849937726108 9.750018111882757e-08 48041906136970.0 3.5410530361933864e+16 59813615997373.0 61852425751835.0 3.5552697184178136e+16 4.91613927921406e+16 4.7418751386937144e+16
1.0 1.0 1.0 0.7853981633974483 16.0 0.0009509647589993756 2.8022351216357477e-08 56187731131403.0 4.0397586289232136e+16 72153906865199.0 72219377010239.0 4.039874071681816e+16 5.676882196410934e+16 5.671328460088169e+16
0.8735557825197736 0.9970326405912695 1.0477573490371592 0.7531838458239725 16.684333690948645 0.0011965785752124799 3.4329330459337155e-08 42884527186813.0 3.0386210127950092e+16 55035893921412.0 53434611209778.0 3.0751438664596904e+16 4.242395072272012e+16 4.243893099702532e+16
1.0 1.0 1.0 0.7853981633974483 16.0 0.0009393306569263408 3.08067269489324e-08 56418069216411.0 4.061020834471128e+16 72108129054164.0 72181362740490.0 4.04770766929001e+16 5.653929846850161e+16 5.655087978819945e+16
0.9999836904329336 0.9911591344997964 1.000662946295145 0.7864115319646303 15.979382427118779 0.0007788426326102403 7.908118716762852e-09 61952618800739.0 4.300335188895582e+16 77250408618864.0 81476613845541.0 4.353971355234024e+16 6.320464019595346e+16 5.926993914601299e+16
1.0 1.0 1.0 0.7853981633974483 16.0 0.0009850929462849856 4.14063162503382e-08 55213394779303.0 3.964716082147123e+16 68824490683513.0 71486016407462.0 4.016137619961498e+16 5.644389698404587e+16 5.394995051421862e+16
1.0 1.0 1.0 0.7853981633974483 16.0 0.0011001507329922921 6.024913787385187e-08 51775340339681.0 3.803031024440445e+16 66953707990712.0 64476117643807.0 3.762832916240765e+16 5.105600976170045e+16 5.3318903917567096e+16
1.0 1.0 1.0 0.7853981633974483 16.0 0.0009963493698992628 4.0372193782253824e-08 54931397936964.0 3.970059177224109e+16 69256801271036.0 70793865396360.0 3.9797922890434984e+16 5.58905748872401e+16 5.453471406580331e+16
1.0 1.0 1.0 0.7853981633974483 16.0 0.001059232596434187 5.102715217672741e-08 53072938113715.0 3.848218028962896e+16 66353193075076.0 68859496416202.0 3.8849818350642056e+16 5.466139744262371e+16 5.250994930902185e+16
1.0 1.0 1.0 0.7853981633974483 16.0 0.0008085006627735708 7.630991288258823e-09 61633001273287.0 4.322818964360302e+16 79492841377138.0 81086089703132.0 4.348478106768757e+16 6.312698694775806e+16 6.165009059622093e+16
1.0 1.0 1.0 0.7853981633974483 16.0 0.0010069919972599097 2.889012648280319e-08 53916559916612.0 3.908852823203395e+16 70426705318529.0 69879654730305.0 3.902836800074615e+16 5.522787594305475e+16 5.576594052213174e+16
0.9984223901645856 0.993993993993994 0.9984901382467293 0.7817858626967776 16.073929209990265 0.0010856736786124832 2.7457661002871393e-09 44183941726824.0 3.066591462696883e+16 57180326621871.0 56447765359194.0 3.0393622462039624e+16 4.332903384242064e+16 4.399943021013504e+16
1.0 1.0 1.0 0.7853981633974483 16.0 0.0010675135647903095 3.007458356735249e-08 52622107179273.0 3.811018018461934e+16 67845928997743.0 68512323215045.0 3.820058555881955e+16 5.443700670393256e+16 5.394588367595871e+16
1.0 1.0 1.0 0.7853981633974483 16.0 0.0009108450664592681 1.440870817997263e-08 58387495417175.0 4.156466555198694e+16 74836188387786.0 77303081431440.0 4.190854042357624e+16 6.089508269320474e+16 5.889345443401856e+16
1.0 1.0 1.0 0.7853981633974483 16.0 0.0009357122731465666 2.580957343919362e-08 56409278464194.0 4.040301385192472e+16 72270542648207.0 72616324742132.0 4.044877847354776e+16 5.691298685367682e+16 5.669453286270273e+16
1.0 1.0 1.0 0.7853981633974483 16.0 0.00085025862550783 1.2066458257934053e-08 59977275433181.0 4.252825082296303e+16 78150712876409.0 77298732626351.0 4.240576302454248e+16 6.025265119607424e+16 6.0986169296508424e+16
0.9927265421932975 1.0120240480961924 1.0220162636597294 0.814365971514793 15.43086407574792 0.0015195594843989799 1.1829880172274477e-07 37257041707958.0 2.6903536638656984e+16 45663440341742.0 48029198796837.0 2.736201232711277e+16 3.8200460725165096e+16 3.5960680109604004e+16
0.9995406574086777 1.0142131979695432 0.9932428081164874 0.7744253811700734 16.22670294634809 0.0012103835571794785 3.037875011619548e-08 42428919969842.0 2.937368322884805e+16 50642537204338.0 55907207890147.0 3.0969283092687212e+16 4.435341117613619e+16 3.817801274797949e+16
1.0 1.0 1.0 0.7853981633974483 16.0 0.001269426664593752 1.3512737867461607e-07 48130162193514.0 3.5800272752758744e+16 59556978980198.0 60721940401593.0 3.597246020023828e+16 4.88862243588895e+16 4.769323978852702e+16
1.0 1.0 1.0 0.7853981633974483 16.0 0.0010813718149600407 5.5215841705011795e-08 51863149740275.0 3.779829559152669e+16 65921284800655.0 66204889899558.0 3.788107978824366e+16 5.2426604066565576e+16 5.217452930844525e+16
1.0 1.0 1.0 0.7853981633974483 16.0 0.0008601637847773714 1.1638068655487395e-08 59540240466387.0 4.2184159729120344e+16 77340918146769.0 77500930843123.0 4.224660166401629e+16 6.060570458628165e+16 6.03361420806818e+16
1.0 1.0 1.0 0.7853981633974483 16.0 0.0007963144707408189 8.301484616255825e-09 61941178662398.0 4.353712625654839e+16 80968099602547.0 79698955293288.0 4.341046156793916e+16 6.172682796571686e+16 6.283469463827405e+16
0.9996028928436219 1.0211907190582823 0.9996262101501884 0.7844132390978147 16.020089906708183 0.0009322957220563653 1.850451882520512e-08 44201342428690.0 2.895461536242621e+16 54278933667581.0 59889858094711.0 3.0668042080526656e+16 4.569774822616487e+16 3.941654074879487e+16
1.0 1.0 1.0 0.7853981633974483 16.0 0.0008178507086328321 5.5683353231803734e-09 60927460703869.0 4.287516165663555e+16 80321784254287.0 79728813112116.0 4.277524783553465e+16 6.204819615766088e+16 6.2577927758877976e+16
1.0 1.0 1.0 0.7853981633974483 16.0 0.0008937801271752922 2.252043946369239e-08 57681636150590.0 4.119906557696461e+16 74407832491533.0 73592782542648.0 4.104360451784701e+16 5.741122303339883e+16 5.810724944661303e+16
1.0 1.0 1.0 0.7853981633974483 16.0 0.0008364782125837426 7.928648257785621e-09 60778737881146.0 4.277922550951051e+16 78431590047311.0 80203566040124.0 4.301360786761781e+16 6.278224120021261e+16 6.1057203666121064e+16
1.0 1.0 1.0 0.7853981633974483 16.0 0.0012358590274079175 5.5025026111634317e-08 46689207851037.0 3.425498046259585e+16 60952297325338.0 59781980480817.0 3.410230199180006e+16 4.7726755153166136e+16 4.875424934087432e+16
1.0 1.0 1.0 0.7853981633974483 16.0 0.0014797583571646595 1.9754290061828243e-07 42701565140892.0 3.2199029499732016e+16 53190276278643.0 54718845199578.0 3.2528742403424076e+16 4.450884868981707e+16 4.3023226114059816e+16
1.0 1.0 1.0 0.7853981633974483 16.0 0.0010323678581255888 5.052419003822671e-08 52489245890439.0 3.826792657235043e+16 67944992382215.0 65865847757121.0 3.796333506383462e+16 5.169786235504945e+16 5.362417949964775e+16
1.0 1.0 1.0 0.7853981633974483 16.0 0.0009603617198832332 2.7747962398803734e-08 55520292897330.0 3.991022298564166e+16 70782377335746.0 72216051619947.0 3.993753403714827e+16 5.674637236581853e+16 5.5663833389312184e+16
1.0 1.0 1.0 0.7853981633974483 16.0 0.0010647565715221849 5.0107028323340774e-08 52159853913805.0 3.783957620840289e+16 66197960710388.0 67150811026801.0 3.809024623701923e+16 5.327868207418186e+16 5.236043759669782e+16
1.0 1.0 1.0 0.7853981633974483 16.0 0.0011271392400130538 6.186952181579172e-08 51254253761717.0 3.763837909725154e+16 65278906706062.0 65837966174392.0 3.768836225606569e+16 5.256769316792357e+16 5.209359188823806e+16
0.99941 1.0 1.0015170166843235 0.787318103192672 15.960982687176871 0.0008141267597319451 7.158204586863335e-09 56431417432581.0 3.8470817532348584e+16 70629022173427.0 73826421216321.0 3.921689099318709e+16 5.652306596550026e+16 5.343851375366757e+16
1.0 1.0 1.0 0.7853981633974483 16.0 0.0007873932234260523 5.824790361649138e-09 62789410921165.0 4.402641087147702e+16 82080483706468.0 81847932140001.0 4.402702315541058e+16 6.353262095607334e+16 6.372005105626877e+16
1.0 1.0 1.0 0.7853981633974483 16.0 0.0007657305939328528 2.953805544525509e-09 63590457915629.0 4.433588576307331e+16 83445163067670.0 84080934930797.0 4.439361264372678e+16 6.528912768842831e+16 6.462721725790949e+16
1.0 1.0 1.0 0.7853981633974483 16.0 0.000810630746660252 8.096137627717177e-09 61633262236938.0 4.339441884625769e+16 80440916557196.0 80081438304345.0 4.3396269517035256e+16 6.227595484284923e+16 6.255451653693435e+16
1.0 1.0 1.0 0.7853981633974483 16.0 0.0008723879466546402 1.4575405602600396e-08 59400405837164.0 4.219744909761466e+16 76741007071016.0 77133279597724.0 4.2298611983442936e+16 6.0381746490678904e+16 6.00313330743091e+16
1.0 1.0 1.0 0.7853981633974483 16.0 0.000851884020902966 9.701767156949898e-09 60425322380103.0 4.28830720658386e+16 79312624547171.0 78371366747451.0 4.276983365239008e+16 6.129573723744131e+16 6.210114061810903e+16
1.0 1.0 1.0 0.7853981633974483 16.0 0.0008720892445744908 1.4776724548590436e-08 59478271260786.0 4.238319803438829e+16 77548888194128.0 76432778706107.0 4.223276140040104e+16 5.977422280327962e+16 6.072145563248253e+16
1.0 1.0 1.0 0.7853981633974483 16.0 0.00081692388412218 7.221402918387606e-09 61858355857940.0 4.3537676517887944e+16 80289192306144.0 81216245277533.0 4.366273827150415e+16 6.332914481087351e+16 6.257064591720163e+16
1.0 1.0 1.0 0.7853981633974483 16.0 0.0008414860813622546 1.132849581257768e-08 60483979346387.0 4.273438769647523e+16 78145493384195.0 78800102554545.0 4.2856309388538664e+16 6.151747932057441e+16 6.093235369261161e+16
1.0 1.0 1.0 0.7853981633974483 16.0 0.0008318094181537529 9.607599261468662e-09 61231936169480.0 4.332454419798063e+16 79894373666722.0 79235807275382.0 4.321955287933211e+16 6.176419076181311e+16 6.236209928416578e+16
1.0 1.0 1.0 0.7853981633974483 16.0 0.0008693916247039127 1.4323943073209021e-08 59173255956409.0 4.198292747764528e+16 76231559694707.0 77238695842091.0 4.212905072490187e+16 6.043240917210891e+16 5.9564142936728984e+16
1.0 1.0 1.0 0.7853981633974483 16.0 0.0008963524979543296 1.618463731765207e-08 58632189116510.0 4.1820896578333944e+16 76110434717707.0 75799669756362.0 4.182097356599255e+16 5.942663586615e+16 5.983768608293194e+16
0.9717235224539206 0.9840796000563102 0.5655299006568372 0.24407077355467963 51.48658494149405 0.0012243259834177787 6.8935885243473854e-09 37556139497138.0 2.5754923879069212e+16 50581211885045.0 48275334089510.0 2.56594817534233e+16 3.684926782650053e+16 3.827098724092357e+16
1.0 1.0 1.0 0.7853981633974483 16.0 0.0007531736032481422 3.5271207800720796e-09 64159150652094.0 4.476997791902457e+16 84671823945821.0 83407064092521.0 4.462132743643098e+16 6.441674660259839e+16 6.5534034197197816e+16
1.0 1.0 1.0 0.7853981633974483 16.0 0.0007837611123985295 4.528472515759078e-09 62728657586114.0 4.39886155347649e+16 82769749632312.0 81861051614352.0 4.3864107614390424e+16 6.3491015659030056e+16 6.431648194489512e+16
1.0 1.0 1.0 0.7853981633974483 16.0 0.0008070639910814045 5.433726143104001e-09 61703412512425.0 4.329649304708748e+16 80540911578882.0 81543600529244.0 4.344695779144038e+16 6.352015624594904e+16 6.267262385516074e+16
1.0 1.0 1.0 0.7853981633974483 16.0 0.0007986167167926161 5.230496167337635e-09 62357828039931.0 4.388227109479243e+16 82714159777693.0 80852093743286.0 4.3697514904849016e+16 6.278996686848229e+16 6.45171809460578e+16
1.0 1.0 1.0 0.7853981633974483 16.0 0.0008339246647865806 9.985610955024871e-09 60957148025034.0 4.3162695223507064e+16 79303319272578.0 79136032714189.0 4.302111055458133e+16 6.169877523291479e+16 6.185289286893731e+16
1.0 1.0 1.0 0.7853981633974483 16.0 0.0007140846384807407 1.1579844685240652e-09 66445501003201.0 4.594336932234993e+16 87713264943615.0 87596109806533.0 4.592126813548568e+16 6.756753993069206e+16 6.7687555744491576e+16
1.0 1.0 1.0 0.7853981633974483 16.0 0.0007423179403858681 3.6219450149329873e-09 65096445349950.0 4.5288542750121384e+16 85164998437006.0 84694114982251.0 4.527808442080643e+16 6.545359249325523e+16 6.580199070942579e+16
1.0 1.0 1.0 0.7853981633974483 16.0 0.0007679100599211933 2.902562175175396e-09 64054220268206.0 4.475042023598601e+16 84482221723616.0 84097409176818.0 4.4706490634659544e+16 6.531616131010233e+16 6.562231670553545e+16
0.9834421755287371 1.0069860287951964 0.7048547873505412 0.3837361873081469 32.747421353483546 0.0011309166686099207 2.5587211255467903e-08 33668802737687.0 2.152775351189609e+16 40890647348333.0 49878255700908.0 2.3999684197984084e+16 3.852628812441788e+16 2.921763194408004e+16
1.0 1.0 1.0 0.7853981633974483 16.0 0.0007320133037811232 1.5822992757539656e-09 65196458925321.0 4.520662256113709e+16 86068196156872.0 86143581401078.0 4.520258898832664e+16 6.659071944882562e+16 6.6498596623354e+16
1.0 1.0 1.0 0.7853981633974483 16.0 0.0007725066343012737 4.238893428043195e-09 63564870440387.0 4.4445313291125736e+16 83400259914647.0 83054427486752.0 4.442636789996529e+16 6.440766048534858e+16 6.472576699996562e+16
0.999300264297595 1.0111448848636875 1.0041889897594252 0.7914135057346121 15.878387876000064 0.0009231559030478935 2.113791038330926e-09 42099966568544.0 2.705596887147669e+16 54399249470534.0 57771676028409.0 2.8404259549208812e+16 4.3731626778179144e+16 3.995677200063502e+16
1.0 1.0 1.0 0.7853981633974483 16.0 0.0007385910263953962 3.2388347578740463e-09 64847385262515.0 4.50431054455327e+16 84804237875031.0 84867170697451.0 4.508473479553632e+16 6.552688385307814e+16 6.541862920521511e+16
1.0 1.0 1.0 0.7853981633974483 16.0 0.0008564103139966177 1.640375235970105e-08 59832022187828.0 4.255434429954821e+16 77374084490907.0 76634286111661.0 4.24037244252764e+16 5.9715832126310136e+16 6.035581590909854e+16
1.0 1.0 1.0 0.7853981633974483 16.0 0.0008515105298864151 1.0985633320378551e-08 59809478012942.0 4.2446305499370776e+16 78377600521186.0 77453285829164.0 4.2307890543786264e+16 6.042631528978517e+16 6.125830929870307e+16
1.0 1.0 1.0 0.7853981633974483 16.0 0.0007692714162216723 5.94970334329088e-09 63311573550175.0 4.421922099756801e+16 82093023321301.0 82665689548505.0 4.431071160805495e+16 6.40243904629282e+16 6.341743070646493e+16
1.0 1.0 1.0 0.7853981633974483 16.0 0.0008282651239783267 1.2705570316548936e-08 60963803343038.0 4.307472309550139e+16 78258663992872.0 78943382489167.0 4.30688478683098e+16 6.139326799999865e+16 6.0834643690783144e+16
1.0 1.0 1.0 0.7853981633974483 16.0 0.0007999769553013226 4.643223551784441e-09 62205727415133.0 4.366719210780263e+16 81825453034904.0 81840246938238.0 4.370042917135314e+16 6.371072775735445e+16 6.371406619495206e+16
1.0 1.0 1.0 0.7853981633974483 16.0 0.0007639456754820269 5.0218739788007e-09 63482219172072.0 4.429684895763936e+16 82594444185770.0 83069020495997.0 4.436111113285015e+16 6.4221074040482184e+16 6.387419131920908e+16
1.0 1.0 1.0 0.7853981633974483 16.0 0.0008124486539375851 1.0181492975268051e-08 61476194811627.0 4.321194192785994e+16 78933141953264.0 80271986245067.0 4.342316339696946e+16 6.2423824819516024e+16 6.121474948223372e+16
0.960243130156994 0.9875776397515528 1.0159594863401245 0.7784073084282468 16.143695566955913 0.0031285358897589965 2.2828361348587862e-07 15184705075881.0 1.08831291181268e+16 22655339602768.0 17863764858028.0 1.0174225132357188e+16 1.3368411775194382e+16 1.8158385223887268e+16
1.0 1.0 1.0 0.7853981633974483 16.0 0.002034369419982578 3.4837371606323684e-09 29113986192348.0 2.140483843022269e+16 43025312033550.0 44185478167768.0 2.153086677196182e+16 3.6708311663927336e+16 3.564077563645861e+16
1.0 1.0 1.0 0.7853981633974483 16.0 0.0018692694103179522 8.227478626344034e-11 27141757081048.0 2.000745291740486e+16 42557904952045.0 39482755528335.0 1.9368226647396868e+16 3.2196618850032616e+16 3.4832909392772308e+16
1.0 1.0 1.0 0.7853981633974483 16.0 0.0024907792988328246 6.9765607037214905e-09 28933878464047.0 2.215221412959757e+16 40619467063405.0 43869066324758.0 2.2635521378127264e+16 3.739371074695833e+16 3.453484408441832e+16
1.0 1.0 1.0 0.7853981633974483 16.0 0.002523604165024761 1.216215228340359e-09 26640961193166.0 2.062068960584212e+16 41470272284361.0 38738280561795.0 2.0077968419873544e+16 3.2814611667127332e+16 3.54030496511472e+16
1.0 1.0 1.0 0.7853981633974483 16.0 0.0013463210066893814 5.350018374862341e-10 36588154490314.0 2.636173682018788e+16 55502896715929.0 50947161778623.0 2.5372744327980224e+16 4.050692449302886e+16 4.455707505733779e+16
1.0 1.0 1.0 0.7853981633974483 16.0 0.0021549767088356467 2.2798885583828465e-09 29530895323867.0 2.2062946576856132e+16 43898220163483.0 44053112595553.0 2.2234935025793616e+16 3.713375825479517e+16 3.671414353970873e+16
1.0 1.0 1.0 0.7853981633974483 16.0 0.0012794131000252453 4.271335948058113e-10 41723457635679.0 3.027257285952924e+16 60626229823861.0 56603246317312.0 2.933141815363586e+16 4.5009816461055384e+16 4.89295138769278e+16
1.0 1.0 1.0 0.7853981633974483 16.0 0.001632740490299075 2.772550029828609e-10 36003536419432.0 2.6166128771790056e+16 51050688331021.0 52241376999430.0 2.6474052683448852e+16 4.294683902624645e+16 4.16615396994155e+16
1.0 1.0 1.0 0.7853981633974483 16.0 0.00176592461440291 6.088082715982595e-10 33860493019228.0 2.499090636643641e+16 50100086659207.0 48310162138787.0 2.483555037040893e+16 3.9931909988177144e+16 4.125171285789322e+16
1.0 1.0 1.0 0.7853981633974483 16.0 0.002323953415092211 1.7955713256522981e-09 28297794514334.0 2.1763722353361016e+16 43124474237182.0 40794778710998.0 2.1145605354174004e+16 3.419577292343963e+16 3.659366815528569e+16
1.0 1.0 1.0 0.7853981633974483 16.0 0.0012164043886072023 9.220352871904719e-09 44290873959796.0 3.235121481371079e+16 61870593891301.0 63077305783417.0 3.1677485752870136e+16 5.0064040595802344e+16 5.089037876518952e+16
1.0 1.0 1.0 0.7853981633974483 16.0 0.002032436188892107 2.4074066304401305e-09 29299788121780.0 2.1623213386264216e+16 42164722291793.0 43587937080325.0 2.170774140485367e+16 3.606813881090908e+16 3.495674178520673e+16
1.0 1.0 1.0 0.7853981633974483 16.0 0.0022939463050279567 1.52845793601386e-08 28303370809728.0 2.113993926318403e+16 41947184157601.0 42723429577920.0 2.112578128949727e+16 3.576876349417403e+16 3.5529408530818444e+16
1.0 1.0 1.0 0.7853981633974483 16.0 0.0014887515486316108 4.118290591576296e-09 41459982076221.0 3.0057973402408904e+16 55947232650329.0 56936081122760.0 3.0287254685259228e+16 4.653914891900809e+16 4.519536798376842e+16
1.0 1.0 1.0 0.7853981633974483 16.0 0.0018174532576105407 1.6313315513413512e-09 31902967699418.0 2.3709702039824172e+16 47974696111974.0 45473994000115.0 2.3051384420336988e+16 3.714286103987566e+16 3.980089911208149e+16
1.0 1.0 1.0 0.7853981633974483 16.0 0.0014011362506034808 2.4829585829244348e-09 39434757564334.0 2.8029037422780744e+16 54390502419377.0 56388431473979.0 2.828346739579551e+16 4.541651410334451e+16 4.384177289905548e+16
1.0 1.0 1.0 0.7853981633974483 16.0 0.0016040466403481638 1.6106614322958043e-09 35960539706506.0 2.6738596388627908e+16 53741930015213.0 50688783507059.0 2.5864552732306164e+16 4.11520140124235e+16 4.449345646151503e+16
1.0 1.0 1.0 0.7853981633974483 16.0 0.0015257450450136272 3.292767602440959e-10 38874022587298.0 2.8225472244793524e+16 53466693779572.0 54012622541005.0 2.8340922008306976e+16 4.3858205601490456e+16 4.351604824995003e+16
1.0 1.0 1.0 0.7853981633974483 16.0 0.0013765332528154243 1.3438113827986157e-10 38319465145171.0 2.714349666133012e+16 53796730435359.0 52956391574671.0 2.7069820249877704e+16 4.2254914655932584e+16 4.273524780992211e+16
1.0 1.0 1.0 0.7853981633974483 16.0 0.001650742188318044 5.155397130625781e-10 34064499504830.0 2.493904633557192e+16 49961726120804.0 47545066955661.0 2.44961876335252e+16 3.868536445296604e+16 4.0569122183708e+16
1.0 1.0 1.0 0.7853981633974483 16.0 0.0011238867736482801 6.950589177576582e-11 46765479408572.0 3.344660527479055e+16 66017184531584.0 62878921302776.0 3.272642538454889e+16 4.985221439095727e+16 5.2615445390902296e+16
1.0 1.0 1.0 0.7853981633974483 16.0 0.0017396362347162596 2.664328968058159e-09 34954980496634.0 2.607099680083297e+16 50664415148915.0 49092712278412.0 2.5664830587097364e+16 4.032336572594382e+16 4.201674316245337e+16
1.0 1.0 1.0 0.7853981633974483 16.0 0.0017492658675069956 1.0989929366133466e-09 33038033387122.0 2.406792998467543e+16 46807576508123.0 48225478937970.0 2.442065793407372e+16 3.954442393773694e+16 3.8334846261262264e+16
0.9998963239432448 1.0 0.9976700676263085 0.7816615297958944 16.07648596655444 0.0016142105973786362 4.505841704106345e-09 32096348963892.0 2.287254765864346e+16 46540318075652.0 47190497077602.0 2.275894452037208e+16 3.768696012932053e+16 3.764645560202683e+16
1.0 1.0 1.0 0.7853981633974483 16.0 0.001058629771294421 8.190530007953512e-10 46676194780896.0 3.251647996279724e+16 65873398830970.0 65347705429233.0 3.2720873073509104e+16 5.183786044386488e+16 5.173943357595604e+16
1.0 1.0 1.0 0.7853981633974483 16.0 0.001439024692111566 3.029579771747737e-10 40397092846863.0 2.9360266537155384e+16 57345758604221.0 56740731898736.0 2.933056869165087e+16 4.632312090369409e+16 4.654278042414889e+16
1.0 1.0 1.0 0.7853981633974483 16.0 0.0014504694690176878 1.7849173952832387e-10 39296942655017.0 2.8287571228331296e+16 54990572373796.0 55905509733625.0 2.8561535921890016e+16 4.548114077535935e+16 4.44349397752376e+16
1.0 1.0 1.0 0.7853981633974483 16.0 0.00185848584104147 2.415476515604628e-11 32993839006441.0 2.4386529147460464e+16 47450192453746.0 48102185083940.0 2.4494698181341908e+16 3.982572655926632e+16 3.928257203538537e+16
1.0 1.0 1.0 0.7853981633974483 16.0 0.002217029616645715 6.037657018460992e-09 30995227290547.0 2.383720436314541e+16 45884768242052.0 45465059136466.0 2.343186993232905e+16 3.822135938101747e+16 3.925140610661321e+16
0.8093088836046582 1.004040404040404 1.1569885106065032 0.8508647190919525 14.768940740391812 0.0015074198233176596 1.922478440003496e-09 27233579764956.0 1.7833792105938156e+16 33239336480812.0 37528661242596.0 1.8406001169692704e+16 2.8435790170924324e+16 2.4582432783512456e+16
1.0 1.0 1.0 0.7853981633974483 16.0 0.0019390123688624705 1.8052598709172073e-09 31953443886770.0 2.3489196435061596e+16 45455293025631.0 46466463372372.0 2.38787254967747e+16 3.8689461222387976e+16 3.732320909774477e+16
1.0 1.0 1.0 0.7853981633974483 16.0 0.0013042667113027091 1.5463736111187402e-10 41046920727990.0 2.8956091983605156e+16 56285947764836.0 58518210083816.0 2.9385714024735216e+16 4.691983002146995e+16 4.47682184505821e+16
1.0 1.0 1.0 0.7853981633974483 16.0 0.0006823695373932768 2.778025518884869e-10 68132268869735.0 4.6777271709352536e+16 90276377936594.0 90483444988371.0 4.679297349369123e+16 6.963191059200942e+16 6.943517444409654e+16
1.0 1.0 1.0 0.7853981633974483 16.0 0.0007179995662064721 1.1202918719498392e-09 66288746784846.0 4.582710270743213e+16 87376373614389.0 87750106607908.0 4.588788348834884e+16 6.777863561325369e+16 6.746637146420539e+16
1.0 1.0 1.0 0.7853981633974483 16.0 0.0006809490481519244 1.580511007939255e-10 68363751078940.0 4.694892615028332e+16 90928378423889.0 90829663498344.0 4.690051448548829e+16 6.99422279938322e+16 6.998033438249035e+16
1.0 1.0 1.0 0.7853981633974483 16.0 0.0006851180798384375 2.76882255336687e-10 67944578177955.0 4.669579875044172e+16 90297843545114.0 90092663886304.0 4.665546853704006e+16 6.933551971806142e+16 6.95135766389056e+16
1.0 1.0 1.0 0.7853981633974483 16.0 0.0006905839441943928 7.831504816853135e-10 67424595941771.0 4.634855866899258e+16 88706371293481.0 89216395510453.0 4.643596997893671e+16 6.8630068758486904e+16 6.816128112108954e+16
0.9988534319857909 1.0182741139398241 0.996328346727017 0.7786835777249649 16.13796794209224 0.0009374080209734888 4.6688353331631844e-09 48741301748931.0 3.3369956082087668e+16 62018234807637.0 61365400079892.0 3.323522835267328e+16 4.6902372102844264e+16 4.68926421955212e+16
0.9898987928124371 1.0080240731990984 1.0049551500259175 0.7851761537745372 16.004524021710925 0.0009473585630524038 5.294957446564125e-10 44576811432528.0 2.996166940864461e+16 58934343164218.0 57571994942994.0 2.9439531048274412e+16 4.333999996265672e+16 4.445499995961651e+16
1.0 1.0 1.0 0.7853981633974483 16.0 0.0007013214226227381 8.029651834365195e-10 67144031154429.0 4.630391362332162e+16 88683678535084.0 88694082083054.0 4.629480364639555e+16 6.836697412404664e+16 6.8326758046790344e+16
1.0 1.0 1.0 0.7853981633974483 16.0 0.0007051548714187059 5.958095949085494e-10 66919111860115.0 4.618430705460174e+16 88664467052138.0 88762114876372.0 4.6139533961838584e+16 6.849332174692935e+16 6.839907010001722e+16
1.0 1.0 1.0 0.7853981633974483 16.0 0.0007050341834240516 7.588401380006631e-10 66990793930028.0 4.617824415837989e+16 88295998933134.0 88888458583106.0 4.627239100807265e+16 6.856976011491722e+16 6.807186752908868e+16
1.0 1.0 1.0 0.7853981633974483 16.0 0.0007168854875257371 1.1945311637626058e-09 66585044702472.0 4.607966200353506e+16 87890561334943.0 87669980575896.0 4.605307074802196e+16 6.770558223972161e+16 6.786155222046311e+16
0.9997057866787668 0.9908814589665653 0.9997680723131325 0.7847864636187161 16.012471158606107 0.001005980969782393 1.0950375237158065e-09 40368025264970.0 2.682087334437744e+16 53517952556945.0 53141165982435.0 2.651593900730124e+16 3.951261657947686e+16 4.051791800040923e+16
1.0 1.0 1.0 0.7853981633974483 16.0 0.000703587506715846 6.946749629907493e-10 66980633727156.0 4.620776948536177e+16 88760007965925.0 88545684590516.0 4.618700539642104e+16 6.826037351218899e+16 6.845949145033773e+16
1.0 1.0 1.0 0.7853981633974483 16.0 0.0006755407512878853 2.242134662823798e-10 68469000131650.0 4.695635070644637e+16 90787599269096.0 90847506230271.0 4.694948072522688e+16 6.981723608394662e+16 6.976810640835592e+16
1.0 1.0 1.0 0.7853981633974483 16.0 0.0006841269159659605 2.296687239564367e-10 68269789768878.0 4.687528754668508e+16 90379226069444.0 90851238539973.0 4.692155051944403e+16 6.999771124978003e+16 6.955902341560428e+16
1.0 1.0 1.0 0.7853981633974483 16.0 0.0007112865434521988 7.134091501021519e-10 66599230205300.0 4.598950587070907e+16 88223898455724.0 88292040537178.0 4.600579102527352e+16 6.816561101636306e+16 6.810883739944987e+16
0.9692993615010462 1.0141129049624664 0.7777494623819089 0.4604748590169779 27.290025434148284 0.0007601495793890122 2.1274771282241636e-09 60551018676529.0 4.152802595845598e+16 75517091899784.0 75976753500330.0 4.203141519048486e+16 5.827522934341242e+16 5.7240142057281544e+16
0.9929757400621643 0.9970149253731343 0.6600739796345146 0.33979170700121947 36.98257007288902 0.0010966939715007103 5.384853959389414e-09 42895541164801.0 2.888268847703306e+16 55551050251379.0 58022064439093.0 2.9638223825974684e+16 4.506560216642783e+16 4.244791963398042e+16
0.9665186416710303 1.0020181637198364 0.7797580000328053 0.4615506354446271 27.226418185414413 0.000933628359344744 7.730694676610525e-09 46360252142677.0 3.072857517851983e+16 56798419193419.0 60976121319172.0 3.239621370506253e+16 4.69092168674608e+16 4.1909083829876824e+16
1.0 1.0 1.0 0.7853981633974483 16.0 0.0007208892111021552 7.907318202833508e-10 66208740138766.0 4.582037350595036e+16 87868352289063.0 87738257263703.0 4.579487348500644e+16 6.785806715113594e+16 6.795660630287811e+16
1.0 1.0 1.0 0.7853981633974483 16.0 0.0006891535657083409 5.12090100865699e-10 67693432241351.0 4.6551659494154216e+16 89558488793415.0 89579699509727.0 4.656263791246074e+16 6.893456130840885e+16 6.89097331303278e+16
1.0 1.0 1.0 0.7853981633974483 16.0 0.0007000716929161266 6.573797661820764e-10 67337169947275.0 4.639862342604779e+16 88819234917628.0 89265258384991.0 4.644658926221506e+16 6.8821764492133416e+16 6.8442256536156e+16
1.0 1.0 1.0 0.7853981633974483 16.0 0.0006743854189406831 1.9983774284356407e-10 68556779489313.0 4.698774702355201e+16 90700427250235.0 91219916112955.0 4.701300923210236e+16 7.0129797240412376e+16 6.967472807124059e+16
0.9749517138597645 0.988165679048699 0.40373102729317617 0.1248078363502261 100.68575004454364 0.0010807616853387007 2.1241756734967892e-08 32000638492157.0 2.0295480034595396e+16 45874260383319.0 46633549189490.0 2.011037216586499e+16 3.440260159645485e+16 3.426041870598431e+16
0.9984866761942438 1.0090543270676706 1.0031295455169658 0.7891096936910882 15.924744956027006 0.0008471911911930919 5.414710638177207e-09 55265464475413.0 3.813700097810151e+16 71052788411075.0 71017300186542.0 3.821126307938158e+16 5.466184082275189e+16 5.429684602852673e+16
1.0 1.0 1.0 0.7853981633974483 16.0 0.0006827201362173253 1.903162736829108e-10 68308812670465.0 4.689423451478262e+16 90704312045464.0 90784386537477.0 4.692157922718821e+16 6.990811044311891e+16 6.983248615212537e+16
0.9999458477359798 0.9820538384845464 1.0012918938924829 0.7873215847890579 15.960912106488228 0.0007294843879460979 3.647200464549338e-10 55331803428775.0 3.658523088444896e+16 73417421451824.0 73590983001322.0 3.6340403922373224e+16 5.492189818554825e+16 5.526251716486637e+16
1.0 1.0 1.0 0.7853981633974483 16.0 0.0006975582643263404 3.871263152536766e-10 67573156800819.0 4.651578345353987e+16 89441643180645.0 89851008751184.0 4.657779987480118e+16 6.93245841831904e+16 6.897304670426241e+16
0.9828736676731653 0.9782393643359767 0.47707700750195087 0.1756758248717051 71.53158736289589 0.0009456597597366562 1.6278100433336017e-09 45697667179970.0 3.127989684148496e+16 61719827861479.0 57760855695877.0 3.036330712413604e+16 4.320337360402726e+16 4.7242939794908344e+16
0.9801418698281757 0.9735553379040157 0.4818618476102941 0.17870879361441777 70.31758404386291 0.0015434342432172994 3.6616654808565196e-08 30913792188871.0 2.0822585319517212e+16 36837685338113.0 43204438312376.0 2.1832298190252624e+16 3.3203427729381216e+16 2.854479897944616e+16
1.0 1.0 1.0 0.7853981633974483 16.0 0.0006964208227543155 4.787247394419712e-10 67462067369295.0 4.6442213296956744e+16 89358638623102.0 89441367084548.0 4.647818405367277e+16 6.893492217624775e+16 6.888598850130873e+16
1.0 1.0 1.0 0.7853981633974483 16.0 0.0007039231089675799 5.842632298336535e-10 67173854238464.0 4.639342443931478e+16 89417354491699.0 88541888384794.0 4.627630337515941e+16 6.828143846988932e+16 6.903815651079008e+16
1.0 1.0 1.0 0.7853981633974483 16.0 0.0007270841257955832 8.92339525269716e-10 65947896614374.0 4.568445303370782e+16 86993551598467.0 87910532754973.0 4.5682977553124504e+16 6.8192970125577176e+16 6.718825667451945e+16
1.0 1.0 1.0 0.7853981633974483 16.0 0.0014126634203168531 1.2419245760626347e-09 39510885669081.0 2.8009362585700316e+16 54517022059457.0 57464224632282.0 2.8597120540103428e+16 4.665295124048005e+16 4.36725643392599e+16
1.0 1.0 1.0 0.7853981633974483 16.0 0.0011056156633527726 1.0073813864630161e-10 46116317528662.0 3.266647542608063e+16 65070078439257.0 62574804231730.0 3.2235038941286456e+16 4.940608416230893e+16 5.1517701800659e+16
1.0 1.0 1.0 0.7853981633974483 16.0 0.001683841874864314 7.392640256649763e-09 35277951319828.0 2.5418352160738236e+16 49545294725529.0 53167872758700.0 2.61257566579545e+16 4.374007677671986e+16 4.0834769761644424e+16
1.0 1.0 1.0 0.7853981633974483 16.0 0.001936103265178457 1.8060108063118363e-09 32197993052750.0 2.3900488810454564e+16 45829610759738.0 47301087358930.0 2.424209827435855e+16 3.939623658732276e+16 3.807279904277264e+16
1.0 1.0 1.0 0.7853981633974483 16.0 0.001646323400403736 8.030650876831282e-10 36280747504828.0 2.636485672679834e+16 50681737248360.0 51447265960642.0 2.6647106595402064e+16 4.2111750683208824e+16 4.139889495691756e+16
1.0 1.0 1.0 0.7853981633974483 16.0 0.0019069034917685666 1.2132878537938478e-08 28013493929076.0 2.0523956511600924e+16 44677487785523.0 39610940356879.0 1.957729311561261e+16 3.205958431224967e+16 3.6628690552718536e+16
1.0 1.0 1.0 0.7853981633974483 16.0 0.0015388552474020541 2.7442803971967284e-09 38634708964851.0 2.821938437202995e+16 53704794332737.0 55408977537431.0 2.8227405351533612e+16 4.493004816921979e+16 4.424834541702683e+16
1.0 1.0 1.0 0.7853981633974483 16.0 0.001964317565152163 3.990360569921045e-09 30250224956148.0 2.28264921530867e+16 46027680238187.0 43679996841028.0 2.2136153719562172e+16 3.599981055368003e+16 3.86787116863791e+16
1.0 1.0 1.0 0.7853981633974483 16.0 0.0012125594468950702 3.58658160207357e-10 43393938157961.0 3.0713923445123132e+16 59751220037057.0 60703527567928.0 3.0753205774887604e+16 4.817501738280872e+16 4.77197549930267e+16
1.0 1.0 1.0 0.7853981633974483 16.0 0.0010110908563121404 1.1279346023941838e-09 51906545055574.0 3.604792776360795e+16 68773912905850.0 71862801592382.0 3.689564848435454e+16 5.7166398953182104e+16 5.389431256182331e+16
1.0 1.0 1.0 0.7853981633974483 16.0 0.0012708298043788437 1.817064129411749e-09 44943940801766.0 3.2602151810300896e+16 62493367045904.0 60034454421158.0 3.2137696314441416e+16 4.8344533391833656e+16 5.00535109049231e+16
1.0 1.0 1.0 0.7853981633974483 16.0 0.001920155889013268 5.746708263342043e-10 29982080748592.0 2.100038264391768e+16 37583099677127.0 47974842732659.0 2.2841770236084616e+16 3.969060724375056e+16 3.0073766498845024e+16
1.0 1.0 1.0 0.7853981633974483 16.0 0.0012659750563456021 9.182837335380124e-11 40699903390303.0 2.906689842596897e+16 58393006210365.0 57062761691218.0 2.873922560584557e+16 4.545323162801874e+16 4.68537950050489e+16
1.0 1.0 1.0 0.7853981633974483 16.0 0.0016825022659889112 2.389230331821457e-10 30111581609377.0 2.14159400593076e+16 43926747404383.0 45807210471036.0 2.1778146217180496e+16 3.70377011651199e+16 3.547103548862005e+16
1.0 1.0 1.0 0.7853981633974483 16.0 0.0020595935372161164 1.1826967428151099e-09 27534297512508.0 2.0233721788605404e+16 41997989662661.0 39501064997879.0 1.9970899290695692e+16 3.24791607682922e+16 3.448076080892629e+16
1.0 1.0 1.0 0.7853981633974483 16.0 0.0011568689912010957 5.997717947438476e-10 43534996271735.0 3.027980483522328e+16 60245064196452.0 60381359791687.0 3.0535281820739944e+16 4.77600686771958e+16 4.725795172760421e+16
1.0 1.0 1.0 0.7853981633974483 16.0 0.0013542061460156973 1.2830519548365398e-09 42199733649343.0 3.1199923313011664e+16 60893434488364.0 55398970169675.0 2.98126162231305e+16 4.422896143923616e+16 4.946956156436285e+16
1.0 1.0 1.0 0.7853981633974483 16.0 0.0017342363658573693 1.3423397152382108e-10 32782834981413.0 2.407642529512657e+16 48341785497082.0 47364822883291.0 2.3926699414233852e+16 3.89230570521191e+16 3.966870067235453e+16
1.0 1.0 1.0 0.7853981633974483 16.0 0.0011478910908071492 4.01787196590285e-11 45028081937882.0 3.1951116209671324e+16 63235346302812.0 62320319882374.0 3.1733468421584616e+16 4.948151346422996e+16 5.030113544820523e+16
1.0 1.0 1.0 0.7853981633974483 16.0 0.0017150989454292336 3.1452615285924616e-09 36831891252310.0 2.817719350916687e+16 55081214945251.0 49172553880400.0 2.668382351336029e+16 4.016705739449573e+16 4.613700732007457e+16
1.0 1.0 1.0 0.7853981633974483 16.0 0.001847760133666639 1.8588998684495805e-09 35475342103988.0 2.6113572325544684e+16 49668749373301.0 52861606215869.0 2.6873478945981044e+16 4.44247934169908e+16 4.1188052812361256e+16
1.0 1.0 1.0 0.7853981633974483 16.0 0.0019149696722720161 4.39687680856409e-09 32835426636038.0 2.522752739874525e+16 50064861361593.0 46092068530705.0 2.404691072373317e+16 3.795478202323368e+16 4.229665142674967e+16
1.0 1.0 1.0 0.7853981633974483 16.0 0.0014213873880541427 2.407465849754579e-09 38887835283151.0 2.7351462672682444e+16 52683320148388.0 57376090692154.0 2.8248824064922412e+16 4.642062008652055e+16 4.2440142994258664e+16
1.0 1.0 1.0 0.7853981633974483 16.0 0.001320681006344091 2.899943493723357e-09 41776389104266.0 3.0452690005767104e+16 59249382970779.0 57456913135296.0 2.9945277590327716e+16 4.601504905838834e+16 4.79370083340364e+16
1.0 1.0 1.0 0.7853981633974483 16.0 0.0013871908290185924 1.6490592503453696e-10 41578572388370.0 3.056188735983172e+16 60074385833726.0 55659562148401.0 2.9588770238685144e+16 4.46759191856817e+16 4.9049566538434104e+16
1.0 1.0 1.0 0.7853981633974483 16.0 0.0015045523728664674 9.84177341784384e-10 36660387999691.0 2.601840382316168e+16 50487585683619.0 53783005753672.0 2.683419923806974e+16 4.3873903660349816e+16 4.0446593418326184e+16
1.0 1.0 1.0 0.7853981633974483 16.0 0.0013631009862135595 9.9216697458975e-10 41708429483729.0 2.996029452570831e+16 58831375132286.0 59541597562145.0 3.0369275233086228e+16 4.862413176185287e+16 4.749982458338014e+16
0.9999187791260443 1.0 0.9969236144453029 0.7805098225536181 16.1002081604116 0.0018165872558961109 1.3358890343894823e-08 29967830483267.0 2.211148218546597e+16 45620161638171.0 42380804973702.0 2.0988261743630704e+16 3.3884088088178076e+16 3.761397805615122e+16
1.0 1.0 1.0 0.7853981633974483 16.0 0.0018800730799967999 1.020375576865101e-09 33434205498478.0 2.4628689384633504e+16 47552728298733.0 47145201717499.0 2.481075214262403e+16 3.905440466271988e+16 3.912099144321595e+16
1.0 1.0 1.0 0.7853981633974483 16.0 0.002184942043781887 7.734562926913685e-09 28237445651483.0 2.0949258153474212e+16 39522382694015.0 42837899534675.0 2.146383199611103e+16 3.585417169466041e+16 3.259125746628599e+16
1.0 1.0 1.0 0.7853981633974483 16.0 0.0025620878862088296 2.426932014366508e-09 23991079003526.0 1.866979354515231e+16 38414345143041.0 36274772521538.0 1.8088746760153696e+16 3.0780829069281468e+16 3.2778355069203092e+16
1.0 1.0 1.0 0.7853981633974483 16.0 0.0012107334831481726 8.979355356389596e-10 45079103235393.0 3.2113583485339816e+16 61446019729922.0 61748193344347.0 3.226466189663275e+16 4.949700790997908e+16 4.889888450699909e+16
1.0 1.0 1.0 0.7853981633974483 16.0 0.0010737828923445022 5.2201824595942194e-12 45790211036959.0 3.1700908208032148e+16 62204782731389.0 64952636773493.0 3.230906927491945e+16 5.1161887194966056e+16 4.889472194961766e+16
