0.09214780374875237 6.8367164589442835 4.366427864138409 0.6393348308011398
0.0763507523776543 2.918203583211143 3.9994120162375877 0.6677983944727774
0.08213027804893261 3.2820423234359763 3.9191868313058564 0.6771604993666513
0.09629185137686652 4.598767412023458 3.938834656590886 0.6458766523678803
0.08502194308906472 1.5197183528836755 3.6205903960733354 0.759389964163528
0.09335353900333945 11.899285190615833 4.531573136852491 0.5993863000386728
0.09238391230925956 2.209870249877812 3.7108037074040485 0.7573881212540613
0.07575209430615018 2.870517167644185 3.86169985274128 0.721419889743274
0.0791262820830343 7.854561873778111 4.581213618899802 0.5768091308882908
0.08322041996518223 8.812803564882696 4.573521518658839 0.5999806849005057
0.08410571420492952 3.410709921798631 3.912062862918937 0.713950536848346
0.08843755117917021 10.379996410679382 4.439530296963047 0.6338140809229093
0.08670057407193833 3.334874068304012 3.991746580821368 0.6607855045480051
0.09521468765793412 1.0175895802785926 3.5968386289235887 0.7775189607619699
0.11036780953801299 1.428118126832847 3.4072622644512442 0.8130997024238293
0.08187735680644623 1.937217436461389 3.9885954418861114 0.7204083916283663
0.0975052730334427 1.0760277294110474 3.5189147566261427 0.7841555853831255
0.11348502865043175 2.700131353861196 3.652311620607643 0.7391420264707459
0.10148868761143648 1.4164394703079208 3.6243722545256802 0.7701311073367838
0.08180334011943988 3.913949856427178 4.205351519493717 0.6449851949699099
0.07401782667250073 3.2181371425953076 4.047231602769187 0.6784689709290297
0.07363044640490493 1.5191837732160298 3.657016746353951 0.7111099269226808
0.07456586524890035 1.8233118737781047 3.8491553573374127 0.6793739596078809
0.08227606765394617 11.78267618218475 4.583729811408907 0.5945852455357719
0.07835609969560375 0.8315844941348987 3.5344487412580783 0.7769157608196822
0.1000955658829871 4.369747754765399 3.923103715128746 0.7091432096644699
0.10020945784058781 2.660734741568915 3.803059019342158 0.675430050387565
0.08970291127190148 1.6883419629765377 3.834121694581544 0.7123799509696873
0.08000141825136275 5.971551770222392 4.50955937555358 0.6194374506561042
0.060160480914586076 2.862428786351414 4.021462222229392 0.6441614936892726
0.077159003827488 2.419918056573801 3.687732498543087 0.6703319195408107
0.07513524822564702 1.4983943517839702 3.6500893416629454 0.7403611377975933
0.06887203296267311 2.9293495692815257 3.9142715510537838 0.6623404453394213
0.15951383454643264 3.8689306115591444 3.7634987220264327 0.7672782033869463
0.08067763603094402 1.6366481091153495 3.756066618863427 0.814307437993829
0.09066455496446271 1.293912855877323 3.809797308592052 0.8204407758208682
0.07253874450296284 2.1795882209188675 4.018148436427626 0.7798993176590606
0.09911907563787584 1.3147318701124155 3.274048615561565 0.8437031568491835
0.09605923505761638 1.1473187011241461 3.770718549528986 0.8059334698545813
0.06089330782703659 2.669501848118284 4.438274358676503 0.7200755176598692
0.12117123415073246 2.262486253665691 3.6894678977775177 0.8079667120701344
0.09432470274088614 1.7131140029325536 3.6897303219126725 0.7977771485763931
0.09316613081564833 1.8045920393450654 3.918014159459117 0.8085909169582894
0.09724828304517356 1.1399119089076248 3.780311895963454 0.8132286112631835
0.12301230471633126 2.073042674731185 3.7790582184431685 0.801047612459497
0.0748856212210534 1.1824825879765413 3.8409478803109236 0.8142736132994972
0.07193706821653616 1.7648393588098725 4.14953024319741 0.7688475590020911
0.1723315345915206 3.097595155180845 3.4798060069336936 0.8135862780546523
0.07654848573154839 1.2907139693304035 4.063963304859038 0.7776747848376631
0.08693188722246255 0.950640159152005 3.8223094870212453 0.8130751575741457
0.08436875407526545 1.6393878299120248 3.782377396600398 0.8213106608364975
0.11878555217229358 1.6213992240957966 3.7874907588261704 0.8101306668670489
0.08868917206512122 2.3065241630009803 4.172937976953574 0.736972122542551
0.1124973733892608 1.574256934261978 3.485768229092817 0.7901490529588826
0.1097060159830247 1.6144248686461402 3.840278994169841 0.8045599871438405
0.08173436144898151 2.121137661901273 4.178313488608781 0.7648861912986974
0.10133727189394814 1.763738697458456 3.7702142516663155 0.8196539451969538
0.12782448920979772 0.8877039039589457 3.38718362913404 0.8478963824720595
0.12752812836824534 4.913262539711631 3.6817699836862268 0.7771935966255308
0.07605764884554078 3.2434265793010812 4.120969861855583 0.7510823575863039
0.0768648634463769 1.889670393450637 4.025523665673629 0.7817127851679198
0.07105709547963847 1.4133570457600217 4.135253097158004 0.7695764102820303
0.08474555929448428 2.117932093108507 4.107120266504652 0.7699530690626106
0.10272538957448665 1.0039196144916926 3.652313347296004 0.8301239828309341
0.47662236478743525 1.7299303519061602 2.185254317644856 0.8816097288076943
0.3367519067680859 1.3636860031769318 2.749604366053824 0.8516523949134348
0.39458180257298925 1.7187108611314774 2.548246572311157 0.8422595651242525
0.018713616953166156 3.5666783128665727 4.591229320093894 0.7302721422966257
0.33448492441932914 1.4529474431818183 2.790125239239186 0.8389808716324806
0.28844356730146375 0.8262596988025422 2.6989549984149916 0.8690315431137022
0.2648082975166711 1.3474557826246358 3.0341336983977762 0.8302463744612975
0.03302758204922965 3.239088847140759 4.299677867155569 0.7754481112173403
0.3855085926532668 1.6846113605816233 2.5954615927884648 0.8384393200594377
0.24979247724502826 1.4628944434261975 3.1242063359596215 0.8292625416090651
0.4081168540715713 2.2606877749266867 2.5224097305193878 0.8371654136170137
0.5142924135067136 2.1853292247067464 1.9254824307760916 0.8872042499507392
0.4644916584077308 2.1246009744623677 2.220202394749696 0.8822859207578
0.4119092701147167 3.470435835166179 2.3535357255043907 0.8679111289843375
0.17359808380525613 1.1991080156402758 3.2230046116202025 0.825553097232296
0.4954615736537733 1.455122036901273 2.107233501127253 0.872981204506869
0.32391314725058745 1.0976371578690138 2.6169421357038574 0.8592421516201079
0.37271541460703483 1.4776622067448681 2.56953818185816 0.8518360097155787
0.3279707943944959 1.3493964977394954 2.641399250337412 0.8516836349578589
0.4138334613539129 1.2379996410679381 2.378037254576364 0.8694826894003275
0.3442998445804657 1.046550433773217 2.56284542066622 0.8640296427573699
0.425888686617075 1.4209280303030318 2.3594591995918717 0.8534844004385587
0.3798274388099979 1.7741553641251218 2.1741785990209674 0.8983092033454617
0.3269864444267898 2.4057240117913046 2.785366654319276 0.8410289897303376
0.2664919738317977 1.3108933971774201 3.0171881532999847 0.8311571655302736
0.33194912210438315 1.930229716520041 2.785911321250863 0.8473055584374383
0.0771967969525805 4.311283831256112 4.103193517263034 0.7829014881688761
0.038686575905867396 2.2823840725806472 4.169549008729921 0.8341521699209368
0.4350426592533381 2.310052388807428 2.1700647702730578 0.8740968460036826
0.4663023498012712 2.6117195136852387 1.961575310962145 0.8809695430032722
0.3731901654825536 2.0277370478983405 2.3471247364100947 0.8690110237715065
0.3254197864396126 1.6371760065371486 2.8534049546445868 0.827209627833716
0.5229260950768886 2.7258389082355827 1.942390754264649 0.8878209364587504
0.393948400935484 0.7848641403958955 2.270675041735152 0.8868173529568308
0.37712850530482434 2.6457779661534677 2.347361520343947 0.8709724892990354
0.41286129924863296 1.778032975928642 2.1775310266631225 0.8847425151514334
0.3253398953964277 1.961871105205279 2.5235449094112954 0.8551592928913863
0.030476670066043432 2.932389036534702 4.206831154762215 0.8412516136600455
0.45300232396207296 1.4230157548264923 2.1449306600428857 0.8632402453191146
0.3875493433813647 1.1073894183773225 2.3676320189443545 0.8641425383890703
0.3932662991657389 2.4770073466520053 2.401948834531871 0.8431419738690371
0.31562405373051117 4.864768527003911 2.544049066765709 0.8515382134762218
0.3675388918634961 1.0777975699535678 2.2417077326216663 0.8800774871125112
0.3276609796762413 1.5891573878910081 2.5247419488598695 0.8670522174254289
0.38288212636186025 1.790217573924731 2.3613238484426806 0.867938646378601
0.3002756716148929 1.8782055687927686 2.7038155173422562 0.8453495820997832
0.3905008109981015 1.8753732511608034 2.3821018032506998 0.8482678857419484
0.46419499440912354 1.6280747876955035 1.945381287568397 0.8847456105290091
0.015848332558413062 4.035037878787876 4.755670832667391 0.727325730481581
0.44974992725792245 1.2629330095307922 1.8634906042041084 0.8962297158501349
0.26538000495387726 1.0577861528592385 2.6091079555869845 0.857584289825172
0.34348270833269523 1.3686155913978497 2.5357533598858515 0.8436633191073
0.31714545453226806 0.8346869654203328 2.4052963240551364 0.8656369466698828
0.4018330718376836 1.348127825635387 2.273592053011787 0.8670541649019419
0.12009663303722866 4.593522803641256 3.680700380551138 0.7971200392796783
0.3479819978571187 1.9388708150048906 2.443996203200041 0.8677068533738572
0.35413046160178563 1.9992019489247326 2.5083888726801207 0.8436815808162008
0.015373230751406338 4.238128512952106 4.857269544594719 0.7094430037942067
0.2696775280476975 1.8797787603861216 2.9063988509345595 0.8121198442239177
0.021032670935304296 4.623386714931571 4.672549839056866 0.7452176474437673
0.24465204182799072 2.679484168804988 2.6612494189952205 0.8675387111860785
0.412774282511967 1.5862238819648105 2.2014589925354566 0.8746755139378015
0.10615661913510537 5.546090313416419 3.7918863818321658 0.764507385782584
0.395337475786896 2.2560082936217025 2.2961852163900303 0.877006313350066
0.13399053583583198 3.4319480083088982 3.3166485510883508 0.8189371138339046
0.43742216291115493 1.6586651545698927 2.11886418438253 0.8874472728908395
0.3778746698683114 1.5059357435239489 2.4336117415120926 0.8718940206123957
0.2762497217767777 2.224401270772239 2.6598278639366555 0.8489446212695579
0.4082885109377197 2.6962203308284485 2.4178947416713226 0.8413999907369334
0.032400469258906585 3.8409224554007886 4.536733847703612 0.7276196510661581
0.43285268919963316 2.007814409213101 2.258932818055431 0.8566233465492228
0.3604018125483581 2.9233737322825006 2.5115030634434112 0.8619178171930542
0.3506962636638012 3.0957432184750786 2.687477423788982 0.8310609491782868
0.2550749826630433 1.3630693273460426 2.8203169084144695 0.841595483562883
0.3847348533277942 3.6346835288367583 2.501944216683646 0.8388193107092009
0.302579938073144 1.0151534243646152 2.490889341439608 0.8702555928875718
0.4958641940949332 1.870137234237539 1.9685872770463884 0.8609457064984194
0.45270224647994634 2.8576891648338223 2.086978945513869 0.8532382693382975
0.02499854793498957 2.9379963954056736 4.335360755578615 0.7699484585775762
0.1983141180191424 2.075978089870482 3.4156445798636015 0.7905177605261795
0.5012691677968828 3.947842207355815 2.121324848978191 0.8432448397453804
0.36353439343652133 2.412824375305478 2.6342625972757503 0.8346240157501457
0.44020012622570875 3.4297514586388105 2.42361561869861 0.8493863915346525
0.023999288657138795 3.6122827315493704 4.392137206531725 0.7873413131480289
0.016771139828711784 2.775360077590421 4.649314976791936 0.7363236268740763
0.2577391214578927 1.690098439027371 2.6908694226023697 0.8498610669182989
0.2671530367002239 2.1523943441471176 2.8321296231424564 0.8344851555937909
0.4404219372268397 1.9748480266373425 2.1407214471301828 0.8558705649295293
0.4857533397633316 1.8027553763440887 2.12615024512247 0.8757182370849843
0.028120027348382978 3.908014112903226 4.494563279025023 0.7218226492480858
0.3728500467103513 0.8455198405425218 2.1991564505738435 0.8717831098117572
0.40017358843862233 1.9056209142839722 2.4320211916360392 0.8476023267626409
0.39292541045112767 0.7502367424242439 2.1296541632550245 0.8953925375212921
0.1460332624977161 1.6062725287145672 3.447529619427734 0.8227734469279009
0.21025282890327174 1.5313282777370476 2.5897771244563748 0.8759327216894008
0.31529520641842285 1.1794087548875873 2.4631463584830726 0.8771770653604916
0.36790896857150546 2.6595338465298184 2.641045270870739 0.8151922955952552
0.2926975829045076 2.5789364155669605 2.8331559937278503 0.825677555341281
0.36053281891611605 2.2869719116568903 2.438763972921822 0.8350281202226651
0.08502272313203096 4.2476955797898395 3.677047896796042 0.8081766556575422
0.6518741028730213 2.3306757086999013 1.4474250453639823 0.9091689008496776
0.5804325547619297 0.8684189424486808 1.5009010285616398 0.9271458923609553
0.6439365404608793 2.3709620142961865 1.3036943264333218 0.9350678116665929
0.5567785998063878 1.9527126099706753 1.7042530855956592 0.8943919520093406
0.6046776086992078 1.7629501924486801 1.450060161430463 0.9211985036213036
0.5629540090384791 1.8952319312072345 1.6163790206460695 0.9130503262385641
0.655347602936029 2.008916025171063 1.2457704042725657 0.9326930062897044
0.561540060580558 2.0076463984604125 1.7411364019158533 0.893147185027668
0.5955313493675548 1.8212833348607038 1.5920316436172424 0.9028209235618059
0.5529852664933974 2.356142702223851 1.775865976438906 0.885187537810964
0.5012035939255058 2.238264067082114 1.9416273834907394 0.8903949503339101
0.022372269001448338 3.3679645497311896 4.574969342159168 0.7627506914568298
0.6110305103169653 2.1813771535923756 1.5944815577116398 0.9005620859837086
0.6244167661410666 2.450156173631475 1.5229027750770854 0.9076406291232979
0.5813106744493473 1.1649865591397865 1.6254359407856425 0.9105930650476515
0.6561650023359406 2.677627459066473 1.3714307439695694 0.914078881225626
0.6060747663602978 2.2763929618768315 1.511205222510835 0.9126651414930544
0.6783630618333231 0.93557742240958 1.3032357334527207 0.9203229906273858
0.7158974112257136 2.1886703476295244 1.1480635124611764 0.9362553268257656
0.6461627790952398 1.653132255009775 1.4363566604951485 0.9107873054387262
0.06029019300218125 6.3338316379521045 4.022258766510953 0.7871390944713671
0.6834862399178647 1.5573241232893467 1.3670043771332114 0.9066233941991015
0.6194264529541628 1.4440390548631474 1.5027996499925211 0.913264332581651
0.025090040528947834 2.715872815860219 4.223830685222145 0.8206221981460733
0.6798112486361905 1.3672409579667646 1.2456302655646434 0.9239498138962867
0.5779661738907349 2.245022681451611 1.5295519298281421 0.9177130639194302
0.5722100816417768 1.9419981060606046 1.6317542017994908 0.9083438877359566
0.6848081948000179 2.2185457141984357 1.2275321536427155 0.9295323822696531
0.5409836072248476 1.9700616293988291 1.8510872112430494 0.8929478231883532
0.6578171984872804 2.2172111742424225 1.3402165197433558 0.9231331434029316
0.6673129274034889 1.7697842207355807 1.333978752758368 0.9219238792601887
0.6206725332627887 2.3405978891739987 1.4366959702433921 0.920846156032544
0.061800385859598614 4.143635829056694 4.309686824349081 0.6682721109025385
0.07848588753373356 3.1914539803274655 3.9855992834228515 0.7025025148242272
0.06568032859544269 2.4681600531524976 4.127264128027194 0.7194244928917649
0.1428414835190432 4.319670049792274 3.508758203711318 0.7173148606200821
0.07828938529415674 2.6206718139051874 3.741926698376476 0.7292976084039435
0.08817482103252725 1.8176396016617788 4.039549094131502 0.7450518474102947
0.07885193493770698 3.4759420057429167 3.898561178623956 0.6676997378426626
0.08481564153922039 4.623266434506361 4.273055838771685 0.6702283366197428
0.0885990557750681 1.9542762554985356 3.6645545286214682 0.7605243234254879
0.08440012521062572 2.27812652737048 3.9295178677493374 0.7109983248129736
0.09081793030488634 1.7547720781402745 3.721886452674659 0.747710397816362
0.22683534325217408 1.2927453720674493 3.053776106096137 0.821562426543381
0.07434053056757091 3.721679687500009 4.082336899710985 0.6829599997064711
0.0745505823201985 2.294684177969209 3.752819149314399 0.7597692589320462
0.06709107604605698 1.3743680504643212 4.153446315023734 0.7284978015923879
0.09728666478926389 2.4034396383186736 3.793886317210857 0.7253385203166403
0.07425153168675223 1.9727784396383192 3.935748015796388 0.7256384997319447
0.11887534892241398 2.090193135997067 3.5488008337446284 0.7535883463466151
0.05714525217396339 1.2467791575024443 4.179761939172896 0.7231340941481929
0.06253817967097786 1.8089469544232681 4.180438146337208 0.7220716886669856
0.06399369925973418 1.8724254261363626 4.109805254719131 0.6865531534734821
0.09210836778496591 2.697511913489734 3.9554865063852427 0.7102773883625604
0.09476965014148382 2.6823317601417416 3.814489744371529 0.728671712720734
0.07293263465445825 4.572729563782991 4.260297807567927 0.6532001594562641
0.06857748213661354 2.442619554924239 4.065908952381933 0.69302492794441
0.12654630741459805 1.3816173326001968 3.3395468836530595 0.7807120117733326
0.09279736464674622 1.4410969574780066 3.7411497342719966 0.7631889985371905
0.09990780172081942 0.7472889173998061 3.2123774817287716 0.8436277759497472
0.1051963925952025 1.1767167644183782 3.123911346846097 0.8203258513223071
0.10168185468964283 1.231627642350931 3.3524318654707788 0.811157449919429
0.028823650746622406 2.514880406891496 4.396285541499264 0.673705142721247
0.07400839084560476 2.9017089366446727 4.1559352409796695 0.6770673976184793
0.07093375374718705 1.1791214183162286 3.662964738922462 0.7806046304703301
0.8534478794431932 1.1334883614369509 0.6010461715206586 0.9602440324010697
0.8061737604070583 2.187217436461387 0.8178866992457465 0.9478579094725876
0.8606597137957112 2.2287008186705757 0.6335187734990709 0.9561346840036431
0.8594349928140947 1.8030169385386121 0.6559852096155668 0.9513510694520155
0.8602104445576508 2.7507789589442773 0.6151361044798971 0.9525758030942078
0.03294076993541974 2.5345815768572844 4.0148311077115375 0.8664861117630962
0.016910719083656586 4.288224355449663 4.815054734197006 0.6683675140085374
0.8259520209116764 2.3695358321114353 0.7776454522896026 0.9471012765214796
0.822225352031353 2.065403913123167 0.8029950886979419 0.9432782758307029
0.8284609980437245 2.170918484237534 0.7681363253873933 0.950941087685564
0.7998176684712343 2.4919278470185717 0.8704224099796068 0.941591162772953
0.028687448792164772 3.024499022482893 4.234298714962691 0.8218161639573991
0.8338287845009253 2.4648609329178903 0.7484916078123768 0.945482092531605
0.8997984828760105 2.566150415444771 0.4730537484210218 0.9629350993907626
0.8646496872330962 1.366547913611926 0.5983931057321321 0.9595192526840665
0.7768720075577923 1.4015514265640283 0.8991590528444919 0.9447337421189664
0.21016065108619453 5.54595666849951 3.296731058884981 0.7925388201449399
0.028976514911729173 3.1005429802052813 4.068154074663494 0.8952229825768141
0.040458426156747745 4.2593226875611 4.205943339496918 0.8161846539220025
0.7888146865083674 1.8502986009286408 0.9417452473543149 0.9332748424478148
0.8520351060963552 2.0791941593352887 0.6613624035993513 0.9500588515880928
0.8161467606632749 1.2971041055718475 0.8189978812880281 0.9432747378346049
0.8669462392039038 0.9105629123900295 0.5602096894423035 0.9632622212200741
0.016580599976172082 3.7065253085288385 4.773333997671796 0.7051830834482667
0.04311125356493876 4.924093505620725 4.268622317544882 0.7292037027150986
0.8629495050089794 1.3673135080645162 0.6050184057165728 0.9579160787338913
0.19478098226654358 5.714135431940378 3.1309324466450956 0.8028188212231671
0.8332837902273906 1.7378955889540584 0.7577830988430121 0.9472242248414896
0.03775292335809932 5.846239613880754 4.69129959873715 0.6494210247288223
0.03465909767766717 1.3157809827101703 3.7854342303287134 0.9314886377204065
0.8526712968855671 3.525428809261972 0.681646392099803 0.9483280898867253
0.8201791083533785 1.827830981182796 0.7937264891452649 0.9467973520002209
0.776867758069991 1.69958150048876 0.9664629619101653 0.9384026851960199
0.0938340994598823 0.6790135477761486 3.6630646541394847 0.8496381903389318
0.09683648337902367 0.5449734237536662 3.311744078721557 0.860981928805478
0.089156375925248 1.9064523765884656 3.92635736222646 0.7216747747298053
0.07970974865574593 0.8576490713587491 3.6540005230522707 0.7913142606993407
0.10478084167101437 1.2723206103372464 3.675941389795482 0.800966220329225
0.05736120347037373 0.9446500030547414 3.871176445446097 0.7686289873867685
0.10906560388623832 1.5439224019428175 3.655704796977188 0.7967771652331197
0.10555705439915926 1.0800113025415443 3.46177739465561 0.8175598196162046
0.09411724507819222 0.7986162023460418 3.6903335599252673 0.8218320117852995
0.10374551868869844 0.8538172806696004 3.548718903676807 0.8452812997504413
0.08076029701618669 1.0527038275904201 4.01266905598873 0.7896699985225801
0.10524482770354515 0.954086288795211 3.377665760267103 0.8533087658912131
0.11072381258294045 0.679733321114371 3.3460690842844514 0.853232304220604
0.08916769578857389 0.9465210318914976 3.7001763096488594 0.816665060488015
0.06760616485674467 0.9517303198313781 3.7202662005792484 0.8016779606089295
0.057110221498436614 0.7323970552297168 3.8410100183185216 0.8041981795845698
0.0987116593256286 1.0335906952590437 3.673458446916575 0.8177043282354428
0.08845561309340973 1.515497082722388 3.6031125649306097 0.8151279580222528
0.08601326281127994 2.905450994318182 3.9301674836009566 0.6889633348826543
0.10624225008879766 1.0393412451124169 3.505278194732155 0.8108368863088351
0.11463292854043658 1.4466012188416444 3.4874321028639224 0.7821179437774493
0.1127750487064896 2.0865751771749768 3.5057498073857003 0.7898792595935415
0.09250835970462802 1.1458715175953091 3.7864453215034297 0.8197895513252123
0.13268979357474134 0.3939136195625612 2.8463511260245253 0.8993006984995002
0.10338653915424711 1.0848530669599228 3.478307223935129 0.841561736928492
0.08540167672083157 1.0014290460044004 3.4788742661409633 0.8027485002758252
0.12138431935477816 0.7767757591031292 3.279397602265876 0.8315535459076695
0.07134352319949858 1.382221598545944 3.8483529190012584 0.7848517206474408
0.09033888587054931 1.1527208195870007 3.422172648371902 0.836579658906889
0.08967167499775326 1.2115494027981435 3.62799546370662 0.7948758099168656
0.13973309548680124 1.052971117424244 3.094308373730874 0.8184188230665094
0.08744128001322765 0.48128112017350955 3.362871547486719 0.8631947149945169
0.0920224595999544 0.49737292277614903 3.390373236320846 0.8746947287636972
