7.103307429546460439e-01 1.527313202590422136e+00 1.195655070710902601e+00 9.238341436370736126e-01 7.093323537884045349e-01 6.555748751120751727e+00 1.035745735419055347e+00 2.745195221834269561e-01 4.577587238390515267e+01 7.379446203067672495e-04
6.819665248520976331e-01 1.163451551808407203e+00 1.158916797827049816e+00 9.332377403603718813e-01 6.903179678480589887e-01 6.235829191201058386e+00 9.895944294375176309e-01 2.529479313473678159e-01 4.967967339136706073e+01 7.561002000376386900e-04
5.685876806485331558e-01 2.472713526392962269e+00 1.591360554741357181e+00 9.122221911811340123e-01 7.785854136076769683e-01 4.899347850742207910e+00 1.052493247714153313e+00 3.814389498817843394e-01 3.294464453159213235e+01 8.151263783099686397e-04
5.773563277242540481e-01 1.709961892106549586e+00 1.574919898344267377e+00 9.252497239543794327e-01 7.888353732662538587e-01 5.406354738915642777e+00 8.240345343747819129e-01 2.216713917059149608e-01 5.668918536421070797e+01 7.711161584787721733e-04
6.002978673916149477e-01 1.337638608870968415e+00 1.588293918504638524e+00 8.986929388081564829e-01 7.442690413593591181e-01 5.077830872102969018e+00 6.200350385744554105e-01 1.235643822030483008e-01 1.016989717450241386e+02 7.596579124249439301e-04
5.807589349317964222e-01 1.879112445014664123e+00 1.585382177956926819e+00 9.186707268242738644e-01 7.434904950021797854e-01 4.852829388680275358e+00 1.034513751347950983e+00 3.541286985248475738e-01 3.548532120301299386e+01 8.083587171214976158e-04
5.045655789807338421e-01 1.236263211754643043e+00 1.738211427058415248e+00 9.260349955711104641e-01 7.263152010924539548e-01 2.852645103487165823e+00 1.127060563033550622e+00 5.570565034983044894e-01 2.255852060866823905e+01 8.412128140386171491e-04
3.026389050701192573e-01 1.193995142961879141e+00 2.683151146487042116e+00 8.694238905268910633e-01 7.197580567254845407e-01 2.151484211433922766e+00 1.143064358527764446e+00 6.400083886495010477e-01 1.963469672776603403e+01 9.905055979657108323e-04
5.097556330337214003e-01 1.494757300830886315e+00 1.864137421527750416e+00 9.125228926814856756e-01 7.846961931445237681e-01 3.814823751823920972e+00 1.081734121878290544e+00 4.746857190885367395e-01 2.647303280681872550e+01 8.176453205138579493e-04
5.445406912803236743e-01 3.271292499083580996e+00 2.063467648530645349e+00 8.375214267897279630e-01 7.131878864063937451e-01 2.892784885889154278e+00 8.633892734586640083e-01 3.188324065170439758e-01 3.941371817135974709e+01 8.651196981046203579e-04
4.829731031053022816e-01 1.331813599706743956e+00 1.959388179065557178e+00 9.102166733529153397e-01 7.412491030541618064e-01 3.164883795506533648e+00 1.004644555302449893e+00 4.288356824012253821e-01 2.930346314465940338e+01 8.165864696654855440e-04
5.300738795265393932e-01 2.045187255620721345e+00 1.596955896370010342e+00 9.327514901324484020e-01 7.881493677625581729e-01 3.995698475905958613e+00 1.063381179030118417e+00 4.482668415951636676e-01 2.803323701044130445e+01 8.176175649488845237e-04
3.023088960554290439e-01 9.558055351906156183e-01 2.648902219150703452e+00 8.697427627431975061e-01 7.718171594021393522e-01 1.866072539010426690e+00 1.015987956047535112e+00 5.685852480006143850e-01 2.210111968002657790e+01 8.361282814107306571e-04
5.888253841948600797e-01 1.174568899682307155e+00 1.390735140351869736e+00 9.352323767291595980e-01 9.355460074784406332e-01 5.146213892472424334e+00 9.465987161970845776e-01 3.587726576298989611e-01 3.502599862925544727e+01 7.797320151521327982e-04
4.676844010965763854e-01 2.863056917460898632e+00 2.249758785168663344e+00 8.082759608477049218e-01 9.033996125728430693e-01 1.692641113101086781e+00 8.246746959934405652e-01 4.506123090999921144e-01 2.788732211833711716e+01 7.959008221092138142e-04
5.318883990604567069e-01 2.032680000610946891e+00 1.896643607690726041e+00 8.837009465470591074e-01 9.074113513198317493e-01 4.424576451251404308e+00 9.074219765570656904e-01 3.529496061799271556e-01 3.560386637165723300e+01 7.477404827599201404e-04
6.260223428038884652e-01 1.522919148643694376e+00 1.451040582813281299e+00 9.136220322940815652e-01 9.429391916277215513e-01 5.991802664008162083e+00 9.637236252204767206e-01 3.372234350164459715e-01 3.726422694717620487e+01 7.458919627512365256e-04
3.316945053734558502e-01 3.471825742302053097e+00 2.951608478219174270e+00 7.627186827978750250e-01 8.748646922610481269e-01 1.135875762410649914e+00 7.638601304846711626e-01 3.992981567595730308e-01 3.147114606373122925e+01 1.054639992281165232e-03
5.021807390701928941e-01 2.975756812072337887e+00 2.024735027677929011e+00 8.681607105632951349e-01 8.994430255316357981e-01 3.382393786855154794e+00 9.618045683953607705e-01 4.603610498953588648e-01 2.729677199497120554e+01 8.077892677441312827e-04
5.742307927184019389e-01 2.405929252199416446e+00 1.752819933961808241e+00 8.564001429295171608e-01 7.131531394967833837e-01 3.238270769256606396e+00 8.158011631274952880e-01 2.688048332452839251e-01 4.674905009201371797e+01 7.342230802831694290e-04
4.327858058936114860e-01 5.069413260630510898e+00 2.595329776371244623e+00 7.974083591470793042e-01 9.321153552432424050e-01 2.371344207500715839e+00 8.674104638205986095e-01 4.596817433474112424e-01 2.733711050356409800e+01 8.920450013879526342e-04
4.747847141043189945e-01 8.339270986070383973e-01 1.843810055580410889e+00 9.180687497293817945e-01 9.326839371436498327e-01 3.277892443608091622e+00 9.775147157361389061e-01 5.014942466203017313e-01 2.505785599545192355e+01 7.777409083622201496e-04
6.826076405706180683e-01 2.759421966642226831e+00 1.207392358470434468e+00 9.255859863592157399e-01 6.653210447686344065e-01 5.410327435549765696e+00 1.004965627296898756e+00 2.779371959953930715e-01 4.521298622645478815e+01 7.653345564838042424e-04
5.069273744224277456e-01 9.224515823558168126e-01 1.800742132631358627e+00 9.105836840571218671e-01 6.559255962345010849e-01 3.731658743505504638e+00 1.109096414987242429e+00 4.224916651509892374e-01 2.974347579109809914e+01 7.825830943152176349e-04
5.471215206549251420e-01 3.027889784946232510e+00 1.684605432562237937e+00 8.829083871573566444e-01 6.319084729343911189e-01 3.435644484379546615e+00 1.011532237349677787e+00 3.546976118989468851e-01 3.542840490828938727e+01 8.361014586157585523e-04
3.925258013411290769e-01 1.622160045515640858e+00 2.184529527787344438e+00 9.042123711454921331e-01 6.922764273724092421e-01 2.995363563316263633e+00 7.617076997337117739e-01 2.367789231579532916e-01 5.307216726370636195e+01 8.380505121865721406e-04
3.739814698174936947e-01 1.801613666911046518e+00 2.591538024800034368e+00 8.331891980327055247e-01 7.110518678868150699e-01 2.486951330265597893e+00 9.805379972576608871e-01 4.392942562136840090e-01 2.860581588903490413e+01 8.890176369154372503e-04
3.575069801670134884e-01 1.999104579056696585e+00 2.457418027172044273e+00 8.417859318652816114e-01 7.118908946841242535e-01 2.499280823249124150e+00 1.097259108978321018e+00 5.495904328482368317e-01 2.286497337523565321e+01 9.320701600244084501e-04
2.903641584939063991e-01 1.928448420698922527e+00 2.631785330340333129e+00 8.625829757251198826e-01 7.078318823929721226e-01 2.070135433889936483e+00 1.151276023429841366e+00 6.473253342304813307e-01 1.941275885532527923e+01 9.414705816679831175e-04
5.456990362838365360e-01 1.759064943792766345e+00 1.638058294459537434e+00 9.119939981833862230e-01 7.249147000131525020e-01 4.123559055278532171e+00 1.088251967990987668e+00 4.236667952660793102e-01 2.966097592441012765e+01 8.321524775750981312e-04
4.260381642887647313e-01 2.987571977333820517e+00 2.179472972048215773e+00 8.392236631855637397e-01 6.928016303102416673e-01 2.992300874228008833e+00 1.015625725629639264e+00 4.214876863486309855e-01 2.981432440701238917e+01 9.910062032606071353e-04
3.342870362801350637e-01 3.783103845918863950e+00 2.805706424199851057e+00 7.771891969804335387e-01 7.662760523718652461e-01 2.087196672286579791e+00 9.977230869723984208e-01 5.247953137045573424e-01 2.394527978089688247e+01 9.741371130228174786e-04
4.986177319473175662e-01 2.579771696297655126e+00 1.935067366172864789e+00 8.592088455641639921e-01 6.522937847173108095e-01 2.987879151072395878e+00 9.006469855579614103e-01 3.123067440653486959e-01 4.023726945752321171e+01 9.308352501702346540e-04
4.555285132292651862e-01 2.378397444709191344e+00 2.285377194586254657e+00 8.079134139125428993e-01 7.899235039994474405e-01 2.236336391893530173e+00 8.449042990195746450e-01 3.782507225717516852e-01 3.322233075701637262e+01 7.551889316383058421e-04
5.390023176118223791e-01 2.005624541788856519e+00 1.769172950152029022e+00 8.977387557949261243e-01 6.846882160289294861e-01 3.627742140324676345e+00 1.085478076773508382e+00 4.293218036165398765e-01 2.927028282398431358e+01 8.423229164367359093e-04
4.778608755084201576e-01 2.553016938538610336e+00 1.961034407866112383e+00 8.766707796903430161e-01 6.942802475769990211e-01 3.704846043620034113e+00 1.093449441952160761e+00 4.364770657775305929e-01 2.879044879935150192e+01 9.079694711077719409e-04
4.081840616470339134e-01 1.719641602517106183e+00 2.428662971815101379e+00 8.256780634537894681e-01 7.555251148135007089e-01 2.209133235583335075e+00 7.766929777124408352e-01 3.071453524735671681e-01 4.091343239660651676e+01 9.055032091155857353e-04
1.319944743418432487e-01 1.660194434261974328e+00 3.423017387466853467e+00 8.079827318307137851e-01 7.899349194768465754e-01 9.920174211561754163e-01 1.186850191215607753e+00 8.739086296449338764e-01 1.437950168710983867e+01 1.335350027066525575e-03
1.045886345849849630e-01 3.065843032135877166e+00 3.881902666217496023e+00 6.820838152225423556e-01 7.798788203724444923e-01 1.008803551530040865e+00 1.091390155670977746e+00 7.295729617928842226e-01 1.722428224790297691e+01 1.102869857221238682e-03
1.291972786002538454e-01 2.606516907991198728e+00 3.706889574762195050e+00 6.966693997983139930e-01 7.985007048881289649e-01 9.967612267242825785e-01 1.070234440262658904e+00 7.183264987087101261e-01 1.749395384542953380e+01 1.020575812542222870e-03
1.249779840492841465e-01 2.398805978128052629e+00 3.693372965469473801e+00 7.297399349422957204e-01 7.845600863381788637e-01 9.992443796344439022e-01 1.148871311761632708e+00 8.133150320475317496e-01 1.545080334089382568e+01 1.021740726381195142e-03
1.156579202382584382e-01 3.088748816287878896e+00 3.459558058539045078e+00 7.673283448564419684e-01 7.858484286450522216e-01 9.761228033261395431e-01 1.180110870974913517e+00 8.594307390913595857e-01 1.462173743941841586e+01 1.294536088250181462e-03
1.224247788495672062e-01 1.608248564271748338e+00 3.435228158489935790e+00 7.953338510249332582e-01 7.843483638181155682e-01 9.724302943192714155e-01 1.179043132219501411e+00 8.561964151467834627e-01 1.467697176961998551e+01 1.225127150171837973e-03
1.231858949406855197e-01 1.429193968413978721e+00 3.482117806217563061e+00 7.637976113176235815e-01 7.942121500994280270e-01 9.693380039006231907e-01 1.163891530524301610e+00 8.447848784750876527e-01 1.487523147554747638e+01 8.671993651390215874e-04
1.117982854693042177e-01 1.707751977944770738e+00 3.581163494976583372e+00 7.746402207132423445e-01 7.711487808521128029e-01 1.001072734491407656e+00 9.885312107506859514e-01 5.918459832039099089e-01 2.123250131112177286e+01 1.138226041177678449e-03
1.309072260475354632e-01 2.006899896138806483e+00 3.378070936082390840e+00 7.942457160372566882e-01 7.781226828224351300e-01 1.006667914445152023e+00 1.155161417219794151e+00 8.154897586795499809e-01 1.540959954507188279e+01 1.083343126451350325e-03
7.368817871026785982e-01 1.843988651637341381e+00 1.002624120197163071e+00 9.407990079522123850e-01 7.579789123135073359e-01 6.914418757056354004e+00 1.026113370912061562e+00 2.767676441339145810e-01 4.540404516461074991e+01 7.385469744137097402e-04
6.378524656876041199e-01 2.120448435972631440e+00 1.294914754392360923e+00 9.234943092130974973e-01 7.374246050826985810e-01 6.003564290614971988e+00 1.036767868487187272e+00 3.047905386747841727e-01 4.122952985679016535e+01 8.060414938948900088e-04
7.552166820727134189e-01 1.307278302174974760e+00 9.149846156100148731e-01 9.411077085782646456e-01 7.495110985920789837e-01 8.018295693755035813e+00 9.952843177828988308e-01 2.299616357260328703e-01 5.464550891145271549e+01 7.243553551390202825e-04
6.740070558110968779e-01 1.455003665689150294e+00 1.294310404110881718e+00 9.169480457158089015e-01 7.394734696042297717e-01 6.496343363272224281e+00 1.022087821446356681e+00 2.805555903169398846e-01 4.479101842227813535e+01 7.584146490062981458e-04
6.705622292053938782e-01 1.006086571358749682e+00 1.323989957689145180e+00 9.097816393000451862e-01 6.799689657330485471e-01 6.403573175762238279e+00 8.996548985310210966e-01 2.019902899266936280e-01 6.221274606279223462e+01 7.040107641782110837e-04
6.114656743472963729e-01 2.242815631109484453e+00 1.645095398240620455e+00 8.952904951952327384e-01 7.472734664839089103e-01 5.497617329032752131e+00 9.932518714329087173e-01 3.015882829173211488e-01 4.166730382494394291e+01 7.525516480558127469e-04
7.208173209530275294e-01 1.556590985459432197e+00 1.150683770545205986e+00 9.178932995287838459e-01 7.998512029439776017e-01 7.429540674297208547e+00 8.869304818860298534e-01 2.066771101284957945e-01 6.080194660427745390e+01 7.306859497535659557e-04
6.157170500360971133e-01 2.046012990285923205e+00 1.566835205191500657e+00 8.852753094424568037e-01 7.992054523137224198e-01 4.744208298112148725e+00 8.495572213908493264e-01 2.605535358459375450e-01 4.822951480416496395e+01 7.291463983597319893e-04
2.675323295015318847e-01 1.969509866813294652e+00 3.101762953920166765e+00 7.966174936943865026e-01 7.846675452666789230e-01 2.031039585854733431e+00 1.143192801666624847e+00 7.122126718465955353e-01 1.764412669291267832e+01 8.725321368605305859e-04
2.610688006497358105e-01 1.304002092497557053e+00 2.874995948209278396e+00 8.549687197737571021e-01 7.657240380123977452e-01 1.780133823466034215e+00 1.028730980032951603e+00 5.863366484614765950e-01 2.143200607932800494e+01 8.759786169484408153e-04
2.523476244892109976e-01 1.928696618401761542e+00 2.788268954919876919e+00 8.454225751522775889e-01 7.751031799608832928e-01 1.945965968804548085e+00 1.168071383735491686e+00 7.449514157500318756e-01 1.686871163498239667e+01 1.061545613147514208e-03
2.740953273566530402e-01 2.516745708088952593e+00 3.034391466052070552e+00 7.582249958391192868e-01 7.382026172826593458e-01 1.510760090639083231e+00 1.139965035783478964e+00 7.222600369427423228e-01 1.739867910669876849e+01 9.405778694059915932e-04
3.117274317213290513e-01 2.776274590664710828e+00 2.415536227840644479e+00 8.664601490780953208e-01 7.704875314793050434e-01 1.839513742051652967e+00 1.151398716343665418e+00 7.321196384470765040e-01 1.716436761758518159e+01 1.107599670600667354e-03
3.037290587399772424e-01 8.183574657869020497e-01 2.618033323324612915e+00 8.590606209298389251e-01 7.675303444000545205e-01 1.986731122147170847e+00 1.161124081181948764e+00 7.240182806734449805e-01 1.735642724748686305e+01 9.669729531581185925e-04
1.892925966242400559e-01 1.875712136485827353e+00 3.401423670281334299e+00 8.012994143678110470e-01 7.505757690840171303e-01 1.448309106524482415e+00 1.176700553705206875e+00 7.888693700745917914e-01 1.592959631982029656e+01 9.387362156919082552e-04
2.804177090944078854e-01 1.602056031586025053e+00 2.771157143786400212e+00 8.345178944222751971e-01 7.942742051565419015e-01 2.048383280638667703e+00 1.143677554753812720e+00 7.194483279292882560e-01 1.746667568264092552e+01 9.669284151420917467e-04
2.554126599143931031e-01 3.126699199657871908e+00 3.340421861488131139e+00 7.279757520525528269e-01 7.783981620417941283e-01 1.532039332029464518e+00 9.681560271817165608e-01 5.477361455098803678e-01 2.294237967929121425e+01 1.046495056471996934e-03
2.057970566038501981e-01 2.217686568304008787e+00 3.384107810716880493e+00 7.811294207036021398e-01 7.889837510843217272e-01 1.875647181358463200e+00 1.150001087155289037e+00 7.435229551934324776e-01 1.690111990031289224e+01 9.708389195865924385e-04
2.637194283982182141e-01 1.214903890212609250e+00 2.738133201023626118e+00 8.664461934926811493e-01 7.632090539441013233e-01 2.079996134941861641e+00 1.164236271504932807e+00 7.125868807287000228e-01 1.763486103127333848e+01 9.117476520821884544e-04
2.694120698958105686e-01 2.336451078323556807e+00 3.019857667594347372e+00 8.108347544480768443e-01 7.790756868863042417e-01 1.955866290379564720e+00 6.737743658148747095e-01 2.487299508508301338e-01 5.052214488594320585e+01 8.704796709000489066e-04
2.321638449040184515e-01 2.657410801564026315e+00 2.881096340637074427e+00 8.361988883522168958e-01 7.685541718786939036e-01 1.838637850839184296e+00 1.168610504266941463e+00 7.523850302453807259e-01 1.670204763412266402e+01 9.940470341515384410e-04
4.736894402465450793e-01 1.922661595796675948e+00 1.843500473827286434e+00 9.024584589048247896e-01 7.416596660437173583e-01 2.768570796259969935e+00 1.099587256726193285e+00 5.491818895438563830e-01 2.288198291607292845e+01 8.832803087013853770e-04
5.451943888777754932e-01 1.878377397971653373e+00 1.852831774319669833e+00 8.751651084600495789e-01 6.696696609405893286e-01 3.987878685147074442e+00 1.073103610111843409e+00 3.883327180265157552e-01 3.235980392849908327e+01 7.752016343342219701e-04
4.237495869703873375e-01 1.442314080828446476e+00 2.153415605188067072e+00 8.731862897519101496e-01 6.908233739646947313e-01 3.157227173155636724e+00 1.077176209687472852e+00 4.600327173859380392e-01 2.731625412593598412e+01 8.370887904874998314e-04
4.934556471503302455e-01 1.957808299731183865e+00 2.060045493722705068e+00 8.448406461302637727e-01 7.119062489399567983e-01 2.894174387524096392e+00 1.094943688714587138e+00 5.117409262145213855e-01 2.455611808755620373e+01 7.948585847870719145e-04
4.371851355516854776e-01 2.063040307306943433e+00 2.111138338117886093e+00 8.810231242269026541e-01 6.944142611189964009e-01 3.026718499819948782e+00 1.096379546085410661e+00 4.895080575666401201e-01 2.567142750790864625e+01 8.862040804861453375e-04
4.345700447623294105e-01 2.354173348912508956e+00 2.110646415101859574e+00 8.645232061988741279e-01 7.167755729182468949e-01 3.199630811325931745e+00 1.087770863795255005e+00 4.833765266259302251e-01 2.599706423908310526e+01 8.754678416112435854e-04
4.264886910042899881e-01 1.821975424608994309e+00 2.043469104785861745e+00 8.969831324773156478e-01 7.735224818945999337e-01 2.481826786265577844e+00 1.083818735990164317e+00 5.843772032634664271e-01 2.150386863858141240e+01 8.671787163054062901e-04
4.854380380130114969e-01 1.175559781280548277e+00 2.007235236552659785e+00 8.960362588825225849e-01 7.285825981412118457e-01 2.485296198614067364e+00 1.038012917268841706e+00 5.045833934134180687e-01 2.490444746774142004e+01 7.753966311397562624e-04
5.097114358017299507e-01 3.035294667949663072e+00 2.146714946131839774e+00 8.305620173294974151e-01 6.954729088855026164e-01 3.831681339540403908e+00 1.017363970983715227e+00 3.711723471193311696e-01 3.385589123728311733e+01 8.604940868242277711e-04
5.676147260759842883e-01 2.826271154081136050e+00 1.906103156097375351e+00 8.509084510950873925e-01 6.937987281813583484e-01 3.752695099918392341e+00 8.682023334439982198e-01 2.729534839877290064e-01 4.603850601490805872e+01 8.349467930989601340e-04
4.564802148933455594e-01 2.194341665139294850e+00 2.153458136214221330e+00 8.509658472334634682e-01 7.097721270138104277e-01 3.088308883505268554e+00 1.120224631900122558e+00 5.170259942312724899e-01 2.430510410418179390e+01 8.548094660240112587e-04
5.494575359714730656e-01 2.045244532013683170e+00 1.678555708784885914e+00 9.014705057006481281e-01 7.291303418323724639e-01 4.246772024789023270e+00 9.929396015008000731e-01 3.483976903850440343e-01 3.606904110205496039e+01 7.569448578383828567e-04
4.702063734995657884e-01 1.628596957478007923e+00 1.968982505687202123e+00 9.024263950955973002e-01 7.259280323527201872e-01 3.043576881071682116e+00 1.052620518453803111e+00 4.703703843366349724e-01 2.671590523727715194e+01 9.000965184985978669e-04
4.859765775073636163e-01 2.160715649437928487e+00 1.797976870208269462e+00 9.224403700709467024e-01 7.293401405412787142e-01 3.012670162953315689e+00 1.118981557155615869e+00 5.367975280975973984e-01 2.340988912317500237e+01 9.416731011624732226e-04
1.718062781118796789e-01 3.710913634836269015e+00 3.130207547055963158e+00 8.431268131111046005e-01 7.748981725353225603e-01 1.138185716068856879e+00 7.501203919041171675e-01 3.410191253523187638e-01 3.684945998666912459e+01 1.222014023463119034e-03
1.284045919561145055e-01 2.029548891129032029e+00 2.932218002244522115e+00 8.530240703729768947e-01 7.837011177792645444e-01 9.997944990026326195e-01 1.149438993325717862e+00 8.132277596002259745e-01 1.545246146114916996e+01 1.559768497067313747e-03
1.584812041281050410e-01 2.013964939210656446e+00 2.977208877730016301e+00 8.560267671650838572e-01 7.856424704387525715e-01 1.005208333995607273e+00 1.191958418481887660e+00 8.766659012061881473e-01 1.433427557416039377e+01 1.669770337740004908e-03
1.109089017559435758e-01 1.479892167644182743e+00 3.643400649308639050e+00 8.131501957828812799e-01 7.846518381554916655e-01 9.809464771776770231e-01 1.179754650617446332e+00 8.576500038863021924e-01 1.465209649322765451e+01 1.253115030369858496e-03
1.455650535009146151e-01 3.028867302052787203e+00 3.361887883817547884e+00 8.003093893651201940e-01 7.943055714275517598e-01 1.103681512844200352e+00 9.044970523788397054e-01 5.091380800340088442e-01 2.468165534489146040e+01 1.010224684173902533e-03
1.294030328828766341e-01 2.383658281402734502e+00 3.732255774601441978e+00 7.329268913846685995e-01 7.833044759953964320e-01 1.007480894020042150e+00 1.143798145630529506e+00 8.048468242920382432e-01 1.561336919657083833e+01 1.150422413665469837e-03
1.370426389773095610e-01 1.373679779142229274e+00 3.215277866010081365e+00 8.402542707028221036e-01 7.829935672575631944e-01 1.003965622916805023e+00 1.189168238181093296e+00 8.696269230754836155e-01 1.445030079096160947e+01 1.324589284019717615e-03
1.554394811354383454e-01 1.464757835410557929e+00 2.915184563063053069e+00 8.598203893032472234e-01 7.837345705913945082e-01 1.008940612490358157e+00 1.191823245045545931e+00 8.743271945378496834e-01 1.437261781729376686e+01 1.503846728941883072e-03
1.256249941082149268e-01 8.006313767717498919e-01 3.215929679265087771e+00 8.809946419430821907e-01 7.870528756861627784e-01 1.004381997758053702e+00 1.172586532903284073e+00 8.499267923135157554e-01 1.478523883233906488e+01 1.268872576020708010e-03
6.069692668497660426e-01 8.789635263929620468e-01 1.290499206415305355e+00 9.426010446679560228e-01 7.898894432171524871e-01 5.282801265581429817e+00 9.972656365849982274e-01 3.302900718278748982e-01 3.804646789658249872e+01 7.659193672466296961e-04
6.209789555880423917e-01 2.121546233504397971e+00 1.579836980141414715e+00 8.969357419584707003e-01 8.389718371997216817e-01 6.599371115890215300e+00 1.020801390695889932e+00 3.138535210780643570e-01 4.003896649365152172e+01 7.673412321363101175e-04
6.038081499079636094e-01 1.469254032258066056e+00 1.452924280835949933e+00 9.297905598605898936e-01 8.451464091147894431e-01 5.715241002441530327e+00 1.032443597847254146e+00 3.586954235795374868e-01 3.503354040303971573e+01 7.391654806082503153e-04
6.078387592688300201e-01 8.487941410068420289e-01 1.417825963181565063e+00 9.205459442988059848e-01 7.484614281856003526e-01 5.053952477309558766e+00 8.378303518733143385e-01 2.276064758260664123e-01 5.521095376900528606e+01 7.840688039893115024e-04
5.373515823560990334e-01 1.776840672348486860e+00 1.644328672290637172e+00 9.138061993218099532e-01 8.077056993684317288e-01 5.042143127843681683e+00 1.070980298517197005e+00 4.019750848912863050e-01 3.126156591958363151e+01 8.595952110485990602e-04
6.043418689104379515e-01 3.268278806207232989e+00 1.433465819133350916e+00 9.239875157592341015e-01 7.490231950283684492e-01 4.728728402719646340e+00 1.031192362811101937e+00 3.605391413115805466e-01 3.485438659626479563e+01 7.605511473844397659e-04
1.391723695752348777e-01 1.385572267534213031e+00 2.943110468817805803e+00 7.714377546744113356e-01 7.920533137624017339e-01 9.983082051102333265e-01 1.181494823980802744e+00 8.683756403064974982e-01 1.447112290013548552e+01 9.364818576375460177e-04
1.163256411290537196e-01 2.118367393695016698e+00 3.325315540688820626e+00 7.866867267645456518e-01 7.829879481522457052e-01 1.025282747008176010e+00 1.121392351041725188e+00 7.732010804935336434e-01 1.625239660340110959e+01 1.127719769266735932e-03
1.099427625881908288e-01 2.694243340664713493e+00 3.586124733726715696e+00 7.341077430683705662e-01 7.856925365963524088e-01 9.856364846214071829e-01 1.071494544173865027e+00 7.084345143068502271e-01 1.773822472025437236e+01 1.053478510210167137e-03
1.322546611200447753e-01 1.744669477028347293e+00 3.337242060553121448e+00 7.849177850098687514e-01 7.848680286698653807e-01 1.011387872633475293e+00 1.145516997814092219e+00 8.088643119654439495e-01 1.553582032049898309e+01 1.008807760604330406e-03
1.778017645039606520e-01 9.124243951612900361e-01 2.807217475554034003e+00 8.595215475171101849e-01 7.873693271709643060e-01 1.041426933322207926e+00 1.187009090247147514e+00 8.709587354582616348e-01 1.442820434856455236e+01 9.302678423051887347e-04
1.330883216626629617e-01 1.103729456867057035e+00 3.291249507803639229e+00 8.240865634471401524e-01 7.821928168919888291e-01 9.983717579534725495e-01 1.173407265485370887e+00 8.458648191084873202e-01 1.485623982754561112e+01 1.049885212217130988e-03
1.483297018843070803e-01 1.224911030669599610e+00 3.388543485256442445e+00 8.105586183877521167e-01 7.917788575142934437e-01 9.970553721163293304e-01 1.117473446223642641e+00 7.765461343669740613e-01 1.618238770141202565e+01 9.418270827429853220e-04
1.317013155920133682e-01 2.348599401270771381e+00 3.229456338914513669e+00 8.342922815578164286e-01 7.772634721953211034e-01 1.014961891336167987e+00 1.097980851967991667e+00 7.359083426201601386e-01 1.707599966813437575e+01 1.076928944128736128e-03
1.232848065926330922e-01 2.360031769305965366e+00 3.412998680064824875e+00 7.466179252752578321e-01 7.859814238526804386e-01 9.798722192457260949e-01 1.177933524107353414e+00 8.564437412021482787e-01 1.467273331546608439e+01 9.864967107165887802e-04
9.234059840107637918e-01 2.748499358504393975e+00 2.950907811394639646e-01 9.794949986225967020e-01 4.920134828635834845e-01 2.556125749782293965e+01 9.240232550181007865e-01 4.781648308580228185e-02 2.628041588046108927e+02 6.706283172884304911e-04
6.967154512893571905e-01 1.052853700818670468e+00 1.242932698703033134e+00 9.213694204627841389e-01 7.510325106151538588e-01 8.100558078861196165e+00 1.029740696393298238e+00 2.447052304915741106e-01 5.135309363480021005e+01 7.099982117503036939e-04
8.638681928247607944e-01 1.456118646138806927e+00 5.818361950316374154e-01 9.594404514659472527e-01 7.081575224494930376e-01 1.904544272579623865e+01 9.279660884400812160e-01 9.080373746016810743e-02 1.383904557879187109e+02 6.769479278141510379e-04
7.777359290383538681e-01 1.449811560667155108e+00 8.820673633978316497e-01 9.459126596240700069e-01 8.100325782831785393e-01 1.134123318882378229e+01 9.605390002010381068e-01 1.748338526360387335e-01 7.187607219592237584e+01 6.921402904063919106e-04
8.856479095124250023e-01 2.389203590847996050e+00 4.977359748074354773e-01 9.647604552074212636e-01 6.500702848944640566e-01 2.539658833192158127e+01 9.786465777610265926e-01 7.129215313011091903e-02 1.762658309873887958e+02 6.799788719708650068e-04
7.514518009561355072e-01 2.649075177174976758e+00 1.031601840882853782e+00 9.353103598299160604e-01 7.600608749532529185e-01 9.529303392363662084e+00 1.000727962025734330e+00 2.055380323051972102e-01 6.113890686517689943e+01 7.296321502975134992e-04
8.748218178676517853e-01 1.702857710166178373e+00 5.018466936303342951e-01 9.682213122398588556e-01 5.842368629345798814e-01 1.624847360965582155e+01 9.182182340143495436e-01 8.451657442124203834e-02 1.486852809689929131e+02 6.846692508566661148e-04
8.454842646628967229e-01 2.593818731671556854e+00 6.323760796415376362e-01 9.607530666004820974e-01 5.665709586544037668e-01 1.362955874445425763e+01 7.446863502965817005e-01 6.285941151809001926e-02 1.999123171991954564e+02 6.936262572592877956e-04
8.487324605722426085e-01 1.775518542277615408e+00 5.980171210186518982e-01 9.663452764018214403e-01 5.641507008021472425e-01 1.250799474946944301e+01 9.645348205930891483e-01 1.130281840176277780e-01 1.111790897427789560e+02 7.025245775603964791e-04
8.730775906689717258e-01 1.656671936094818554e+00 5.374880901161371849e-01 9.623840001658550136e-01 6.916278162651772199e-01 1.864948459112557089e+01 9.220911351758582786e-01 8.923485562593412579e-02 1.408235663767582366e+02 6.852571828605364887e-04
8.608857803282096155e-01 1.476039375610948889e+00 5.658026363263081171e-01 9.636528069580702072e-01 7.085368431403407108e-01 1.711867700946566728e+01 9.789076520903479128e-01 1.112277082398231837e-01 1.129787785186065463e+02 6.843629342048534406e-04
5.908779356143644135e-01 2.044274651759532713e+00 1.503586713425918209e+00 9.143945133877023901e-01 7.770922533156999767e-01 5.150984081974121054e+00 1.033631798702314031e+00 3.551036831536560356e-01 3.538789151032716518e+01 7.993401452106990972e-04
6.138790063170037614e-01 1.465867088220919712e+00 1.457556194768441005e+00 9.186617217134391833e-01 7.640703910283256350e-01 5.219246338774956584e+00 1.041162040625323026e+00 3.511172544044511290e-01 3.578966985166727710e+01 7.486891190317224946e-04
4.596162632944436610e-01 1.560411320869991680e+00 2.032825871522680128e+00 9.030144766913116294e-01 7.727531726370373555e-01 3.296078460908075769e+00 1.076789994588701393e+00 5.026964575231374077e-01 2.499792951849234868e+01 9.252157342391208487e-04
4.584959135839066224e-01 2.056353288428640180e+00 1.990181094137651874e+00 9.025306564758840411e-01 8.143742726078427863e-01 3.304310847608396884e+00 1.090106063906940648e+00 5.422319073385836186e-01 2.317526955585888260e+01 8.464281402264067474e-04
4.886293359558316340e-01 1.497413016251224027e+00 2.015311861642077762e+00 8.962975418644258951e-01 7.652312225642574628e-01 3.452055679837808366e+00 1.093347041977208223e+00 5.005128599149080149e-01 2.510698849275436473e+01 8.841238037053849100e-04
4.635751624019461281e-01 1.044628810789342443e+00 1.899154838177422144e+00 9.186413922262806064e-01 7.771609829290735405e-01 3.200000536337133994e+00 1.052281722908390504e+00 4.904291495640965559e-01 2.562321310943368502e+01 8.301123365397483633e-04
5.775908810723197062e-01 2.973507759042035570e+00 1.708914295984390375e+00 8.735735658286249983e-01 7.898739414039088746e-01 2.672112591453913222e+00 7.541588098033691345e-01 2.796765491995600317e-01 4.493179943160905054e+01 8.247685207519077702e-04
4.803362184152862313e-01 2.459835884042037790e+00 2.041795993241596108e+00 8.321360713644158080e-01 8.666187133578504564e-01 2.083465417804344355e+00 7.652008263216087958e-01 3.493308401334017099e-01 3.597269170268606331e+01 9.023461739239195881e-04
4.192397037638628809e-01 1.587592787756597623e+00 2.284840084490397327e+00 8.594742148010223737e-01 9.251241797052764948e-01 2.227603212043745451e+00 9.112866102376514510e-01 5.161042560879558483e-01 2.434851188713618697e+01 8.220574251620006104e-04
5.977970710894850992e-01 1.169816868279569988e+00 1.554866139569234917e+00 8.935195415817738240e-01 9.408716155724727859e-01 5.254091314231609466e+00 9.388494416738619730e-01 3.499784671476313114e-01 3.590612507328431491e+01 7.694275650030968708e-04
5.615279869007203661e-01 1.435742569342621122e+00 1.770106376114029656e+00 8.775872219065168345e-01 9.084733304059986470e-01 4.075425994024735488e+00 9.455076544647584846e-01 4.036641355522689323e-01 3.113075824079992060e+01 7.352392834533852742e-04
5.094238586942211322e-01 2.390059872922774886e+00 1.989717701506283687e+00 8.475752312239768216e-01 7.055605109561290389e-01 4.042850983939789700e+00 9.943984656618723994e-01 3.484500200049230889e-01 3.606362431599696095e+01 8.320279841871375433e-04
3.106601088138893907e-01 1.959148567326491452e+00 2.658086911048126222e+00 8.438934023775063187e-01 7.513016634530846893e-01 2.647767133341333068e+00 1.114883868479787488e+00 5.837797971445199963e-01 2.152587444071527756e+01 8.416531588581995307e-04
3.552636324133495171e-01 3.188279913550831512e+00 2.374968461083966531e+00 8.727567616584975818e-01 8.172184186340828438e-01 2.745123662980830215e+00 1.106988499295514350e+00 6.157491559095982225e-01 2.040826283520576467e+01 9.769220279478079902e-04
4.561502132016495570e-01 3.506313767717494034e+00 1.847983274208929938e+00 8.751203067033987981e-01 6.430894845486506695e-01 2.487790855435521920e+00 1.122398596977304930e+00 5.205093186196806387e-01 2.414245079739103161e+01 9.111172247131260615e-04
3.890731266115209919e-01 2.490543667521994298e+00 2.439548774083361682e+00 8.397401374192645651e-01 7.329050460205226436e-01 2.871500335704319173e+00 1.132229473449365420e+00 5.654793697612664483e-01 2.222250940766314642e+01 9.139497783527246672e-04
4.747819750070522149e-01 1.781331141556697917e+00 1.990586954096812633e+00 8.800579308695157810e-01 7.426433623466023315e-01 3.815620252213856478e+00 1.078603251963169418e+00 4.465954642089525750e-01 2.813815101462748913e+01 8.653751271712410275e-04
5.597835941163255002e-01 1.597312591642230162e+00 1.509748395310501534e+00 9.213753051616672129e-01 7.209168518608010112e-01 4.522496851695965603e+00 1.063818002020307185e+00 3.800817700579380287e-01 3.306228186751395270e+01 8.379669451672258369e-04
4.836927843666102289e-01 2.269307872067449328e+00 2.177666753841051239e+00 8.218786520698339038e-01 7.189684545485613976e-01 3.174624401498475912e+00 9.631300118731060955e-01 3.816691659907524570e-01 3.292477290309494720e+01 8.388191142930853921e-04
4.781290404091803059e-01 2.552480449657870132e+00 1.985478015622411663e+00 8.913119306408209264e-01 7.491089948139054711e-01 3.916555381321392471e+00 1.100605470315535683e+00 4.618921906247404618e-01 2.720628507999302670e+01 8.820864697818909302e-04
1.213431441030933672e-01 2.663753207478003482e+00 3.587245349763147129e+00 7.070870994251324815e-01 7.850648062044052189e-01 1.034307927241518099e+00 1.153378834108520934e+00 8.200036894948780075e-01 1.532477326059355960e+01 1.247306051973670702e-03
1.170770352952637261e-01 1.102797760874878241e+00 3.153579454780583990e+00 8.076740029328633996e-01 7.862000374597394314e-01 1.008635970116769087e+00 1.045991149493258332e+00 6.755708984027642972e-01 1.860111299061214041e+01 9.881423222553276878e-04
1.023467552394793506e-01 4.364073573435963915e+00 4.130751674484507419e+00 6.452049825549202033e-01 7.910575734133754588e-01 9.975914877835113659e-01 1.117225579927557444e+00 7.754951466891530920e-01 1.620431883811161455e+01 9.928673517953551415e-04
1.578220705080397301e-01 2.298879673753667863e+00 3.351757451185395809e+00 7.658173400832194444e-01 7.856377902866089613e-01 1.012442150522562478e+00 1.125873084921397593e+00 7.821220317559096635e-01 1.606702036784072618e+01 1.111132643645264175e-03
1.164414433331372456e-01 3.684140739552784538e+00 3.987714476340796566e+00 6.876052725386794240e-01 7.819099963661633179e-01 9.742722861643242638e-01 9.649897986592486099e-01 5.717660088266550700e-01 2.197817012618002153e+01 1.081577903066725365e-03
6.740070558110968779e-01 1.455003665689150294e+00 1.294310404110881718e+00 9.169480457158089015e-01 7.394734696042297717e-01 6.496343363272224281e+00 1.022087821446356681e+00 2.805555903169398846e-01 4.479101842227813535e+01 7.584146490062981458e-04
6.705622292053938782e-01 1.006086571358749682e+00 1.323989957689145180e+00 9.097816393000451862e-01 6.799689657330485471e-01 6.403573175762238279e+00 8.996548985310210966e-01 2.019902899266936280e-01 6.221274606279223462e+01 7.040107641782110837e-04
1.404851823759127871e-01 2.886786527065007490e+00 3.719319041090248135e+00 7.339813019093880397e-01 7.821196082695734964e-01 9.946492433375293540e-01 1.153559470507171225e+00 8.174099280565233494e-01 1.537340101096767775e+01 9.302624229950136412e-04
2.645640326103456119e-01 1.460267366202345096e+00 3.082301290698526763e+00 7.984875822663278777e-01 7.874565084088896993e-01 1.692046547037639348e+00 1.162618426205743960e+00 7.807248976457272782e-01 1.609577285450100348e+01 9.404262404473430915e-04
2.420608894377878906e-01 1.542858015640272695e+00 2.910416712523548277e+00 8.396906485314673541e-01 7.905436667343410662e-01 1.872031314001121771e+00 1.119278831380887906e+00 7.061339369550475586e-01 1.779601568017987390e+01 9.986502121086130238e-04
3.170577787406171910e-01 1.118359756842619124e+00 2.683497083012242435e+00 8.508081692070621482e-01 7.533016982561077102e-01 1.882545701887675671e+00 1.129963668799598420e+00 6.846063203051252488e-01 1.835561583591342227e+01 9.284143721706085862e-04
2.027760947034355776e-01 1.797514586388075930e+00 3.046387157978028171e+00 7.987914336616047661e-01 7.709902047543634174e-01 1.390880766832710558e+00 1.148073919221510364e+00 7.768058731954332607e-01 1.617697683292059097e+01 9.482504937580466930e-04
2.667147401885444635e-01 1.812486635508309574e+00 2.825155764948029447e+00 8.409247560901637053e-01 7.881617546223468329e-01 1.825115574926233553e+00 1.158578393765165027e+00 7.600357351822401020e-01 1.653392075222098256e+01 1.002949401832281366e-03
3.100627809704714077e-01 1.481143656830399946e+00 2.600647646300316307e+00 8.516125213742921085e-01 7.777530956070992652e-01 1.711979097800553795e+00 1.166119066934143467e+00 7.733982694830126015e-01 1.624825282161455320e+01 1.040843600553072830e-03
1.577076161141565958e-01 2.225611711876829713e+00 3.380044325550414896e+00 7.446600081243001101e-01 7.656122893754420122e-01 1.054887990230439554e+00 1.155582278824114795e+00 8.023993259625566976e-01 1.566099348262111057e+01 9.248047535870308755e-04
5.140726728628467468e-01 2.145672959433040816e+00 1.909000394255355726e+00 8.893842077332175799e-01 6.983631960996156129e-01 3.973458457478114880e+00 1.045971702449564056e+00 3.855873475082813306e-01 3.259020477607679567e+01 8.098872495630384406e-04
4.829414366225034394e-01 2.192233893878298812e+00 2.042691336147691050e+00 8.611479992538061401e-01 6.778344647633385289e-01 3.056654917393245796e+00 1.041254149310622434e+00 4.288419775000451573e-01 2.930303299041626275e+01 8.521648143822383847e-04
4.782979631353909689e-01 1.723511577468229028e+00 1.921249741073453032e+00 8.892609815592708022e-01 6.932269876738413883e-01 3.285266443338369147e+00 1.076267345605906645e+00 4.513158640769475149e-01 2.784384865367076500e+01 8.451116823107276185e-04
4.787745242268829915e-01 2.405640961021510371e+00 2.198908229643103063e+00 8.601395576997961090e-01 6.785753983247748700e-01 3.444394583445133051e+00 1.069827981177502885e+00 4.254647325476040853e-01 2.953563398572208598e+01 8.165205995175771250e-04
4.852663743031961352e-01 2.586892106549353088e+00 1.895746320533030937e+00 9.108886368891115914e-01 7.995371798954862275e-01 3.232077538882480283e+00 1.065020143773119266e+00 5.141368350747482774e-01 2.444168508667969775e+01 8.405355173425961730e-04
4.481184374039483553e-01 1.421909365835778205e+00 2.110797512792623731e+00 8.765396284508339964e-01 7.173316203303453653e-01 3.212420849255425370e+00 1.122172821894577011e+00 5.137576112980707377e-01 2.445972641185542429e+01 8.167538840331549799e-04
4.786707793489184404e-01 2.146501557917885883e+00 1.649634295837772324e+00 9.212333426492449462e-01 7.091852931161154450e-01 3.471380003805186298e+00 1.090755859106572245e+00 4.602392988077794178e-01 2.730399304646855541e+01 8.806268620119413410e-04
4.384709831996524976e-01 1.998241614736070870e+00 2.168746275661132206e+00 8.716241369413498807e-01 7.159368635301085471e-01 3.180832123194772265e+00 1.114283221732977891e+00 5.081957982582131494e-01 2.472741934787550022e+01 8.800318584169108818e-04
1.230786284183075507e-01 1.230706447030792683e+00 3.194632587877125118e+00 8.649688157750237139e-01 7.856827714304779331e-01 1.000974312622729068e+00 1.188980678546185610e+00 8.723416387364023583e-01 1.440533164570903324e+01 1.702465375340789493e-03
1.914966327209567110e-01 2.366738834921799040e+00 3.182232240430066028e+00 8.415288559032475524e-01 8.178751848523114765e-01 1.076003485693090456e+00 8.799201522248081275e-01 4.966848965797329707e-01 2.530048870197906297e+01 1.024864542751691143e-03
1.093789319089293471e-01 1.743729189577223115e+00 3.442345889967278527e+00 8.137620715598146148e-01 7.861682849894524594e-01 1.002689154673977123e+00 1.175986341260084167e+00 8.539042464543221689e-01 1.471636974114917074e+01 1.282146188374591600e-03
1.358142828813056480e-01 3.422520314027372113e+00 3.652214756656396055e+00 7.646504407423747596e-01 7.783361895015229459e-01 9.513331294505367186e-01 1.065894332159015745e+00 6.940890408843293224e-01 1.810483939978151824e+01 1.374920220595641975e-03
1.106642216314187160e-01 2.243600317693059676e+00 3.615580214131041359e+00 7.838781383408941483e-01 7.870115925978912186e-01 9.914112292463219678e-01 1.190328784943209373e+00 8.757835921346496244e-01 1.434871665468142687e+01 1.254994482653831126e-03
5.448474321139454846e-01 1.358844238758552647e+00 1.581929434958753156e+00 9.275551268904986824e-01 8.002851934206580697e-01 4.824767642339483409e+00 1.054188773789054956e+00 3.973293259492584051e-01 3.162709066172473271e+01 7.863440330162999991e-04
5.818815011697169304e-01 3.105216733870964418e+00 1.394408558647312946e+00 9.364526710044069890e-01 7.962606857261478321e-01 5.252199131225698814e+00 1.046166737043455974e+00 3.678599785859906213e-01 3.416074415777107731e+01 8.379597135814678861e-04
5.475111254782292214e-01 1.786821083822093925e+00 1.790026182384907960e+00 9.039915359557550989e-01 8.511126110945472778e-01 5.233136623891013528e+00 1.049610476653344504e+00 3.967728918664303883e-01 3.167144447607452662e+01 7.796893234733157010e-04
1.204034708613537924e-01 1.982072489002932425e+00 3.509243286437975673e+00 7.625525044261916019e-01 7.887727298414508592e-01 9.846436052619705892e-01 1.163365435340039555e+00 8.383938409728017849e-01 1.498862467760761596e+01 9.378914633755783010e-04
1.167553241198526215e-01 2.136559330706254922e+00 3.416478283933315652e+00 7.596341036396355717e-01 7.891571738698596183e-01 1.011037728379273526e+00 1.141868428636203081e+00 8.081136412626942489e-01 1.555025181201490270e+01 1.004993170414261944e-03
1.504529447404601150e-01 2.109851348668135618e+00 3.225275055902800503e+00 7.932806884648164747e-01 7.811115383362535747e-01 1.004495864344814304e+00 1.126281503381929783e+00 7.782061407802906006e-01 1.614786874048454735e+01 9.185629783863643759e-04
1.452346815970035621e-01 1.576389525293255600e+00 2.942538142508020371e+00 8.371660410355697968e-01 7.884738654429803706e-01 1.080232684053596737e+00 1.177099439672400161e+00 8.567556234435104168e-01 1.466739204331318547e+01 9.888151939148074818e-04
1.757755522869307307e-01 1.149865591397850828e+00 2.759833296125845603e+00 8.797948222955349618e-01 7.856197664956393600e-01 1.022928106703122619e+00 1.154893027642068803e+00 8.228676863522246254e-01 1.527143527784635602e+01 9.153512826960900732e-04
1.082747036392009282e-01 2.578333104227762185e+00 3.884260420400753144e+00 7.095395341835837311e-01 7.872383291777824699e-01 9.618341906766867400e-01 1.104305668655315431e+00 7.537204859493044085e-01 1.667245464150007450e+01 1.094702382305374772e-03
8.173840787019990284e-01 2.554221652003906051e+00 8.139958317292880219e-01 9.413945725217209848e-01 7.779484433222886297e-01 1.400323062459266410e+01 9.827074515219315076e-01 1.468276535105777214e-01 8.558585739064385223e+01 6.968690111142275111e-04
8.491522686535122322e-01 1.218809185606061440e+00 6.322807661178306837e-01 9.607042483567201918e-01 6.774966875608677830e-01 1.301598105750479384e+01 9.688669765673394441e-01 1.323778306643695335e-01 9.492805971582902202e+01 6.899695537811454185e-04
9.513968388640253737e-01 1.125268244440372989e+00 2.255629205405555171e-01 9.807350859852794756e-01 5.807056793323815969e-01 2.603645647997154100e+01 9.411102487413913753e-01 5.755317517038859715e-02 2.183436548401700463e+02 6.622790732710571830e-04
9.048388814714564132e-01 3.695184582722379929e+00 3.997210192018603725e-01 9.715685062764232161e-01 2.822495993230332290e-01 1.263125184516773913e+01 6.030869673067392744e-01 2.192390969895991956e-02 5.731810971176973908e+02 6.740415836503146083e-04
8.850142545645361958e-01 1.150363896016618259e+00 5.071515454058086458e-01 9.649892465330801583e-01 6.063837300047079104e-01 1.947671978854749852e+01 9.737907351870953576e-01 8.391193402758377606e-02 1.497566557127418605e+02 6.722822945926947057e-04
8.501302083322389569e-01 1.682263028470185384e+00 5.535659967662199810e-01 9.655686783545928131e-01 7.531189405693891059e-01 1.738558648799416773e+01 9.667258733189230124e-01 1.137246205829323398e-01 1.104982417171072768e+02 6.894874764702023980e-04
