9.728999999999999870e-01 1.340000000000000080e-01 7.287000000000000144e-01 9.350000000000000533e-01 7.197000000000000064e-01 2.299999999999999961e-02 5.999999999999999474e-04 9.985699999999999577e+00 3.730300000000000171e+00 2.104999999999999927e-01 7.419999999999999929e-01 1.832000000000000017e-01 8.607000000000000206e-01 -4.460159120000000257e+04 8.582999999999999519e-01 7.093323537884045349e-01 6.555748751120751727e+00 1.035745735419055347e+00 2.745195221834269561e-01 4.577587238390515267e+01 7.379446203067672495e-04
9.872999999999999554e-01 1.468000000000000138e-01 6.979999999999999538e-01 9.697999999999999954e-01 6.915000000000000036e-01 4.839999999999999858e-02 1.000000000000000048e-04 9.336299999999999599e+00 3.547200000000000131e+00 1.125000000000000028e-01 7.641999999999999904e-01 1.010999999999999954e-01 8.306000000000000050e-01 -3.612664529999999650e+04 8.335000000000000187e-01 6.903179678480589887e-01 6.235829191201058386e+00 9.895944294375176309e-01 2.529479313473678159e-01 4.967967339136706073e+01 7.561002000376386900e-04
9.708999999999999853e-01 4.796000000000000263e-01 5.883000000000000451e-01 9.314000000000000057e-01 5.816000000000000059e-01 1.231000000000000011e-01 5.000000000000000104e-04 1.549869999999999948e+01 7.489499999999999602e+00 5.227000000000000535e-01 1.014399999999999968e+00 2.048999999999999988e-01 1.151799999999999935e+00 -6.542412660000000324e+04 7.602999999999999758e-01 7.785854136076769683e-01 4.899347850742207910e+00 1.052493247714153313e+00 3.814389498817843394e-01 3.294464453159213235e+01 8.151263783099686397e-04
9.866000000000000325e-01 2.215000000000000024e-01 5.974000000000000421e-01 9.688999999999999835e-01 5.908999999999999808e-01 5.970000000000000306e-02 1.000000000000000048e-04 1.033370000000000033e+01 5.251999999999999780e+00 1.650999999999999968e-01 1.030399999999999983e+00 1.077000000000000041e-01 1.122600000000000042e+00 -5.575966530000000057e+04 7.743999999999999773e-01 7.888353732662538587e-01 5.406354738915642777e+00 8.240345343747819129e-01 2.216713917059149608e-01 5.668918536421070797e+01 7.711161584787721733e-04
9.688999999999999835e-01 1.766999999999999960e-01 6.259000000000000119e-01 9.245999999999999774e-01 6.167000000000000259e-01 4.920000000000000068e-02 8.999999999999999754e-04 1.089310000000000045e+01 4.658800000000000274e+00 2.250999999999999945e-01 9.848999999999999977e-01 2.048000000000000098e-01 1.118500000000000050e+00 -4.526739899999999761e+04 7.963000000000000078e-01 7.442690413593591181e-01 5.077830872102969018e+00 6.200350385744554105e-01 1.235643822030483008e-01 1.016989717450241386e+02 7.596579124249439301e-04
9.835000000000000409e-01 2.874999999999999778e-01 6.006000000000000227e-01 9.610999999999999543e-01 5.943000000000000504e-01 8.200000000000000344e-02 2.000000000000000096e-04 1.345589999999999975e+01 6.996299999999999741e+00 2.492999999999999938e-01 1.035800000000000054e+00 1.295000000000000040e-01 1.141000000000000014e+00 -7.670732790000000386e+04 7.739000000000000323e-01 7.434904950021797854e-01 4.852829388680275358e+00 1.034513751347950983e+00 3.541286985248475738e-01 3.548532120301299386e+01 8.083587171214976158e-04
9.870999999999999774e-01 2.625000000000000111e-01 5.240000000000000213e-01 9.707000000000000073e-01 5.195999999999999508e-01 1.151999999999999968e-01 1.000000000000000048e-04 1.079860000000000042e+01 5.644000000000000128e+00 1.638000000000000012e-01 1.181200000000000028e+00 1.055999999999999994e-01 1.264299999999999979e+00 -5.193982009999999718e+04 7.218999999999999861e-01 7.263152010924539548e-01 2.852645103487165823e+00 1.127060563033550622e+00 5.570565034983044894e-01 2.255852060866823905e+01 8.412128140386171491e-04
9.083999999999999853e-01 4.555000000000000160e-01 3.296000000000000041e-01 7.935999999999999721e-01 3.179000000000000159e-01 2.326999999999999902e-01 6.799999999999999621e-03 1.683960000000000079e+01 5.517400000000000304e+00 1.289800000000000058e+00 1.732599999999999918e+00 4.728999999999999870e-01 2.088000000000000078e+00 -5.500415950000000157e+04 5.665999999999999925e-01 7.197580567254845407e-01 2.151484211433922766e+00 1.143064358527764446e+00 6.400083886495010477e-01 1.963469672776603403e+01 9.905055979657108323e-04
9.832999999999999519e-01 1.937000000000000111e-01 5.281000000000000139e-01 9.606999999999999984e-01 5.221999999999999975e-01 7.820000000000000562e-02 2.000000000000000096e-04 1.274859999999999971e+01 4.791500000000000092e+00 1.466999999999999971e-01 1.252799999999999914e+00 1.282000000000000084e-01 1.348899999999999988e+00 -6.323248819999999978e+04 7.274000000000000465e-01 7.846961931445237681e-01 3.814823751823920972e+00 1.081734121878290544e+00 4.746857190885367395e-01 2.647303280681872550e+01 8.176453205138579493e-04
8.789000000000000146e-01 5.734000000000000208e-01 5.651000000000000467e-01 7.324000000000000510e-01 5.546999999999999709e-01 4.490000000000000241e-02 1.290000000000000001e-02 1.783020000000000138e+01 6.700199999999999712e+00 1.689599999999999991e+00 1.231999999999999984e+00 5.724000000000000199e-01 1.557900000000000063e+00 -5.653262640000000101e+04 7.642999999999999794e-01 7.131878864063937451e-01 2.892784885889154278e+00 8.633892734586640083e-01 3.188324065170439758e-01 3.941371817135974709e+01 8.651196981046203579e-04
9.864000000000000545e-01 1.675999999999999990e-01 5.053999999999999604e-01 9.678999999999999826e-01 5.001999999999999780e-01 9.120000000000000329e-02 1.000000000000000048e-04 1.311320000000000086e+01 5.433300000000000018e+00 1.458000000000000129e-01 1.299600000000000088e+00 1.087000000000000050e-01 1.389999999999999902e+00 -6.897066959999999381e+04 7.122000000000000552e-01 7.412491030541618064e-01 3.164883795506533648e+00 1.004644555302449893e+00 4.288356824012253821e-01 2.930346314465940338e+01 8.165864696654855440e-04
9.845000000000000417e-01 4.652000000000000024e-01 5.541000000000000369e-01 9.654000000000000359e-01 5.449000000000000510e-01 1.363000000000000045e-01 1.000000000000000048e-04 1.247269999999999968e+01 7.128999999999999559e+00 2.336000000000000021e-01 1.072100000000000053e+00 1.257000000000000062e-01 1.171899999999999942e+00 -5.378437170000000333e+04 7.347000000000000197e-01 7.881493677625581729e-01 3.995698475905958613e+00 1.063381179030118417e+00 4.482668415951636676e-01 2.803323701044130445e+01 8.176175649488845237e-04
9.868000000000000105e-01 1.063999999999999946e-01 3.433999999999999830e-01 9.686000000000000165e-01 3.376000000000000112e-01 1.026999999999999996e-01 1.000000000000000048e-04 9.650800000000000267e+00 3.746500000000000163e+00 8.229999999999999816e-02 1.654800000000000049e+00 1.038000000000000034e-01 1.752599999999999936e+00 -2.383952830000000176e+04 6.147000000000000242e-01 7.718171594021393522e-01 1.866072539010426690e+00 1.015987956047535112e+00 5.685852480006143850e-01 2.210111968002657790e+01 8.361282814107306571e-04
9.897000000000000242e-01 3.074000000000000066e-01 6.089999999999999858e-01 9.770999999999999686e-01 6.028999999999999915e-01 8.680000000000000215e-02 0.000000000000000000e+00 9.412900000000000489e+00 6.731099999999999639e+00 1.507000000000000006e-01 9.209000000000000519e-01 8.830000000000000349e-02 9.952999999999999625e-01 -5.808294470000000001e+04 7.761000000000000121e-01 9.355460074784406332e-01 5.146213892472424334e+00 9.465987161970845776e-01 3.587726576298989611e-01 3.502599862925544727e+01 7.797320151521327982e-04
8.700999999999999845e-01 5.594999999999999973e-01 4.903000000000000136e-01 7.146000000000000130e-01 4.776000000000000245e-01 5.829999999999999766e-02 1.640000000000000138e-02 1.250830000000000020e+01 7.035199999999999676e+00 1.247999999999999998e+00 1.284499999999999975e+00 5.858999999999999764e-01 1.633099999999999996e+00 -8.466294490000000224e+04 7.188999999999999835e-01 9.033996125728430693e-01 1.692641113101086781e+00 8.246746959934405652e-01 4.506123090999921144e-01 2.788732211833711716e+01 7.959008221092138142e-04
9.626000000000000112e-01 2.441000000000000114e-01 5.656999999999999806e-01 9.103999999999999870e-01 5.573000000000000176e-01 4.900000000000000189e-02 1.199999999999999895e-03 1.065549999999999997e+01 4.521099999999999675e+00 3.729999999999999982e-01 1.128900000000000015e+00 2.393000000000000127e-01 1.311399999999999899e+00 -3.988927769999999873e+04 7.645999999999999464e-01 9.074113513198317493e-01 4.424576451251404308e+00 9.074219765570656904e-01 3.529496061799271556e-01 3.560386637165723300e+01 7.477404827599201404e-04
9.691999999999999504e-01 2.308000000000000052e-01 6.435999999999999499e-01 9.245999999999999774e-01 6.377000000000000446e-01 4.979999999999999705e-02 1.000000000000000021e-03 1.129180000000000028e+01 5.238299999999999734e+00 3.625999999999999779e-01 9.204999999999999849e-01 2.015000000000000124e-01 1.050400000000000000e+00 -4.704639499999999680e+04 8.040000000000000480e-01 9.429391916277215513e-01 5.991802664008162083e+00 9.637236252204767206e-01 3.372234350164459715e-01 3.726422694717620487e+01 7.458919627512365256e-04
8.713999999999999524e-01 5.546999999999999709e-01 3.543000000000000038e-01 7.161999999999999478e-01 3.425000000000000266e-01 1.307999999999999996e-01 1.799999999999999864e-02 1.876670000000000016e+01 7.178099999999999703e+00 1.611699999999999910e+00 1.730399999999999938e+00 5.708999999999999631e-01 2.120800000000000018e+00 -7.337959249999999884e+04 5.920999999999999597e-01 8.748646922610481269e-01 1.135875762410649914e+00 7.638601304846711626e-01 3.992981567595730308e-01 3.147114606373122925e+01 1.054639992281165232e-03
9.484000000000000208e-01 6.661000000000000254e-01 5.212999999999999856e-01 8.766000000000000458e-01 5.130000000000000115e-01 9.890000000000000180e-02 2.700000000000000143e-03 1.591530000000000022e+01 8.599099999999999966e+00 8.033000000000000140e-01 1.256299999999999972e+00 3.055999999999999828e-01 1.479500000000000037e+00 -6.840158580000000075e+04 7.215000000000000302e-01 8.994430255316357981e-01 3.382393786855154794e+00 9.618045683953607705e-01 4.603610498953588648e-01 2.729677199497120554e+01 8.077892677441312827e-04
9.024999999999999689e-01 4.552999999999999825e-01 5.973000000000000531e-01 7.770000000000000240e-01 5.855000000000000204e-01 3.710000000000000103e-02 1.000000000000000021e-02 1.043319999999999936e+01 6.906699999999999839e+00 7.778000000000000469e-01 1.006499999999999950e+00 4.751000000000000223e-01 1.288899999999999935e+00 -7.518773080000000482e+04 7.947999999999999510e-01 7.131531394967833837e-01 3.238270769256606396e+00 8.158011631274952880e-01 2.688048332452839251e-01 4.674905009201371797e+01 7.342230802831694290e-04
8.757000000000000339e-01 6.291999999999999815e-01 4.541999999999999926e-01 7.297000000000000153e-01 4.445000000000000062e-01 6.569999999999999452e-02 1.190000000000000085e-02 1.764420000000000144e+01 5.929299999999999571e+00 2.001700000000000035e+00 1.496199999999999974e+00 5.969999999999999751e-01 1.873499999999999943e+00 -5.595286050000000250e+04 6.827999999999999625e-01 9.321153552432424050e-01 2.371344207500715839e+00 8.674104638205986095e-01 4.596817433474112424e-01 2.733711050356409800e+01 8.920450013879526342e-04
9.819999999999999840e-01 1.507999999999999896e-01 5.001999999999999780e-01 9.563000000000000389e-01 4.940999999999999837e-01 8.450000000000000566e-02 2.999999999999999737e-04 8.534399999999999764e+00 4.238000000000000433e+00 1.622000000000000108e-01 1.192800000000000082e+00 1.327000000000000124e-01 1.298399999999999999e+00 -4.444560960000000341e+04 7.145000000000000240e-01 9.326839371436498327e-01 3.277892443608091622e+00 9.775147157361389061e-01 5.014942466203017313e-01 2.505785599545192355e+01 7.777409083622201496e-04
9.854000000000000536e-01 3.427999999999999936e-01 6.992000000000000437e-01 9.657000000000000028e-01 6.938999999999999613e-01 4.979999999999999705e-02 1.000000000000000048e-04 1.249230000000000018e+01 6.938699999999999868e+00 2.746000000000000107e-01 7.745999999999999552e-01 1.165999999999999953e-01 8.542999999999999483e-01 -7.707597400000000198e+04 8.338999999999999746e-01 6.653210447686344065e-01 5.410327435549765696e+00 1.004965627296898756e+00 2.779371959953930715e-01 4.521298622645478815e+01 7.653345564838042424e-04
9.840999999999999748e-01 1.612000000000000099e-01 5.271000000000000130e-01 9.622000000000000552e-01 5.213999999999999746e-01 8.140000000000000013e-02 2.000000000000000096e-04 9.792299999999999116e+00 4.139400000000000190e+00 1.330999999999999961e-01 1.176299999999999901e+00 1.221000000000000002e-01 1.274199999999999999e+00 -3.474591040000000066e+04 7.256000000000000227e-01 6.559255962345010849e-01 3.731658743505504638e+00 1.109096414987242429e+00 4.224916651509892374e-01 2.974347579109809914e+01 7.825830943152176349e-04
9.534000000000000252e-01 5.802000000000000490e-01 5.694000000000000172e-01 8.869000000000000217e-01 5.605999999999999872e-01 1.365999999999999992e-01 2.599999999999999881e-03 1.431450000000000067e+01 7.993100000000000094e+00 7.703999999999999737e-01 1.024699999999999944e+00 2.723999999999999755e-01 1.208399999999999919e+00 -7.037167829999999958e+04 7.471999999999999753e-01 6.319084729343911189e-01 3.435644484379546615e+00 1.011532237349677787e+00 3.546976118989468851e-01 3.542840490828938727e+01 8.361014586157585523e-04
9.847000000000000197e-01 2.210000000000000020e-01 4.290999999999999814e-01 9.653000000000000469e-01 4.227000000000000202e-01 1.039000000000000062e-01 1.000000000000000048e-04 9.318899999999999295e+00 5.176199999999999690e+00 1.544999999999999984e-01 1.405499999999999972e+00 1.194999999999999951e-01 1.510399999999999965e+00 -5.472562210000000050e+04 6.653999999999999915e-01 6.922764273724092421e-01 2.995363563316263633e+00 7.617076997337117739e-01 2.367789231579532916e-01 5.307216726370636195e+01 8.380505121865721406e-04
9.433000000000000274e-01 2.081000000000000072e-01 4.107000000000000095e-01 8.658000000000000140e-01 4.017000000000000015e-01 1.052000000000000018e-01 3.000000000000000062e-03 1.416070000000000029e+01 4.090300000000000047e+00 7.317000000000000171e-01 1.540699999999999958e+00 3.196999999999999842e-01 1.769300000000000095e+00 -5.283795429999999760e+04 6.492999999999999883e-01 7.110518678868150699e-01 2.486951330265597893e+00 9.805379972576608871e-01 4.392942562136840090e-01 2.860581588903490413e+01 8.890176369154372503e-04
9.596000000000000085e-01 3.617000000000000215e-01 3.871999999999999886e-01 9.019000000000000350e-01 3.781999999999999806e-01 2.223999999999999866e-01 1.799999999999999951e-03 1.455240000000000045e+01 6.782499999999999751e+00 5.220000000000000195e-01 1.497800000000000020e+00 2.484999999999999987e-01 1.698700000000000099e+00 -5.953887679999999818e+04 6.091999999999999638e-01 7.118908946841242535e-01 2.499280823249124150e+00 1.097259108978321018e+00 5.495904328482368317e-01 2.286497337523565321e+01 9.320701600244084501e-04
9.508999999999999675e-01 6.361999999999999877e-01 3.242999999999999772e-01 8.814999999999999503e-01 3.146999999999999797e-01 3.346999999999999975e-01 2.799999999999999972e-03 1.622599999999999909e+01 8.225899999999999324e+00 7.277000000000000135e-01 1.658300000000000107e+00 2.863999999999999879e-01 1.879999999999999893e+00 -6.037365669999999955e+04 5.467999999999999527e-01 7.078318823929721226e-01 2.070135433889936483e+00 1.151276023429841366e+00 6.473253342304813307e-01 1.941275885532527923e+01 9.414705816679831175e-04
9.871999999999999664e-01 2.492999999999999938e-01 5.666999999999999815e-01 9.700999999999999623e-01 5.621000000000000441e-01 1.213999999999999940e-01 1.000000000000000048e-04 1.243549999999999933e+01 5.656100000000000350e+00 1.715000000000000135e-01 1.066699999999999982e+00 1.048999999999999932e-01 1.141199999999999992e+00 -6.774293619999999646e+04 7.478000000000000203e-01 7.249147000131525020e-01 4.123559055278532171e+00 1.088251967990987668e+00 4.236667952660793102e-01 2.966097592441012765e+01 8.321524775750981312e-04
9.415000000000000036e-01 5.346999999999999531e-01 4.551999999999999935e-01 8.595000000000000417e-01 4.436999999999999833e-01 2.321999999999999897e-01 4.199999999999999740e-03 1.656879999999999953e+01 8.014799999999999258e+00 9.231000000000000316e-01 1.281500000000000083e+00 3.216999999999999860e-01 1.516499999999999959e+00 -7.033408319999999367e+04 6.603999999999999870e-01 6.928016303102416673e-01 2.992300874228008833e+00 1.015625725629639264e+00 4.214876863486309855e-01 2.981432440701238917e+01 9.910062032606071353e-04
8.900000000000000133e-01 6.760000000000000453e-01 3.618999999999999995e-01 7.510000000000000009e-01 3.478999999999999870e-01 1.597000000000000086e-01 1.609999999999999973e-02 1.629629999999999868e+01 8.320800000000000196e+00 1.352400000000000047e+00 1.616900000000000004e+00 4.905999999999999805e-01 1.974299999999999944e+00 -7.019838270000000193e+04 5.921999999999999487e-01 7.662760523718652461e-01 2.087196672286579791e+00 9.977230869723984208e-01 5.247953137045573424e-01 2.394527978089688247e+01 9.741371130228174786e-04
9.140000000000000346e-01 7.426000000000000378e-01 5.253999999999999782e-01 8.012000000000000233e-01 5.094999999999999529e-01 1.587999999999999967e-01 8.000000000000000167e-03 1.662470000000000070e+01 8.440500000000000114e+00 1.355900000000000105e+00 1.147199999999999998e+00 4.410000000000000031e-01 1.439300000000000024e+00 -6.625308340000000317e+04 7.148999999999999799e-01 6.522937847173108095e-01 2.987879151072395878e+00 9.006469855579614103e-01 3.123067440653486959e-01 4.023726945752321171e+01 9.308352501702346540e-04
8.787000000000000366e-01 3.734999999999999987e-01 4.897000000000000242e-01 7.299999999999999822e-01 4.773999999999999910e-01 3.830000000000000071e-02 1.540000000000000049e-02 1.083399999999999963e+01 4.624799999999999578e+00 1.005300000000000082e+00 1.285300000000000109e+00 5.443000000000000060e-01 1.589099999999999957e+00 -5.427409219999999914e+04 7.492999999999999661e-01 7.899235039994474405e-01 2.236336391893530173e+00 8.449042990195746450e-01 3.782507225717516852e-01 3.322233075701637262e+01 7.551889316383058421e-04
9.704000000000000403e-01 1.867000000000000048e-01 5.618999999999999551e-01 9.284999999999999920e-01 5.560000000000000497e-01 9.020000000000000240e-02 6.999999999999999929e-04 1.200339999999999918e+01 4.529099999999999682e+00 2.519000000000000128e-01 1.130300000000000082e+00 1.981999999999999873e-01 1.263900000000000023e+00 -4.742843230000000040e+04 7.544999999999999485e-01 6.846882160289294861e-01 3.627742140324676345e+00 1.085478076773508382e+00 4.293218036165398765e-01 2.927028282398431358e+01 8.423229164367359093e-04
9.597999999999999865e-01 5.103999999999999648e-01 5.028000000000000247e-01 9.049000000000000377e-01 4.959999999999999964e-01 2.137000000000000011e-01 1.199999999999999895e-03 1.562390000000000079e+01 7.442199999999999704e+00 5.802000000000000490e-01 1.207300000000000040e+00 2.621999999999999886e-01 1.375999999999999890e+00 -6.565016680000000633e+04 7.008999999999999675e-01 6.942802475769990211e-01 3.704846043620034113e+00 1.093449441952160761e+00 4.364770657775305929e-01 2.879044879935150192e+01 9.079694711077719409e-04
9.129000000000000448e-01 3.407000000000000028e-01 4.319999999999999951e-01 7.973999999999999977e-01 4.208000000000000074e-01 1.164000000000000035e-01 9.199999999999999845e-03 1.497119999999999962e+01 6.045099999999999696e+00 9.780999999999999694e-01 1.453600000000000003e+00 4.249999999999999889e-01 1.756699999999999928e+00 -6.336095279999999912e+04 6.553999999999999826e-01 7.555251148135007089e-01 2.209133235583335075e+00 7.766929777124408352e-01 3.071453524735671681e-01 4.091343239660651676e+01 9.055032091155857353e-04
9.607999999999999874e-01 2.903999999999999915e-01 1.877000000000000057e-01 9.046999999999999487e-01 1.801000000000000101e-01 5.372999999999999998e-01 1.600000000000000077e-03 1.534670000000000023e+01 4.748099999999999987e+00 4.087999999999999967e-01 2.050100000000000033e+00 2.416000000000000092e-01 2.247900000000000009e+00 -3.379959130000000005e+04 3.723000000000000198e-01 7.899349194768465754e-01 9.920174211561754163e-01 1.186850191215607753e+00 8.739086296449338764e-01 1.437950168710983867e+01 1.335350027066525575e-03
8.461999999999999522e-01 6.352999999999999758e-01 1.734999999999999876e-01 6.712000000000000188e-01 1.453000000000000125e-01 5.936000000000000165e-01 3.030000000000000054e-02 1.631660000000000110e+01 8.226300000000000168e+00 1.390800000000000036e+00 2.060599999999999987e+00 6.119999999999999885e-01 2.575499999999999901e+00 -7.986661699999999837e+04 3.518999999999999906e-01 7.798788203724444923e-01 1.008803551530040865e+00 1.091390155670977746e+00 7.295729617928842226e-01 1.722428224790297691e+01 1.102869857221238682e-03
8.188999999999999613e-01 6.342999999999999750e-01 1.938999999999999890e-01 6.253999999999999559e-01 1.623999999999999888e-01 3.866999999999999882e-01 3.620000000000000301e-02 1.363640000000000008e+01 6.664799999999999613e+00 1.729300000000000059e+00 1.974199999999999955e+00 7.032000000000000473e-01 2.530499999999999972e+00 -6.907126350000000093e+04 3.966000000000000081e-01 7.985007048881289649e-01 9.967612267242825785e-01 1.070234440262658904e+00 7.183264987087101261e-01 1.749395384542953380e+01 1.020575812542222870e-03
9.193000000000000060e-01 3.496000000000000218e-01 1.983000000000000040e-01 8.113000000000000211e-01 1.801999999999999991e-01 4.385999999999999899e-01 7.499999999999999722e-03 1.428009999999999913e+01 6.030199999999999783e+00 7.294000000000000483e-01 1.990599999999999925e+00 4.083999999999999853e-01 2.342600000000000016e+00 -7.156181369999999879e+04 4.093999999999999861e-01 7.845600863381788637e-01 9.992443796344439022e-01 1.148871311761632708e+00 8.133150320475317496e-01 1.545080334089382568e+01 1.021740726381195142e-03
9.635000000000000231e-01 5.653000000000000247e-01 1.907000000000000084e-01 9.122999999999999998e-01 1.801999999999999991e-01 8.244000000000000217e-01 1.199999999999999895e-03 1.662780000000000058e+01 8.284200000000000230e+00 5.054999999999999494e-01 1.923499999999999988e+00 2.378000000000000114e-01 2.137100000000000222e+00 -7.852858319999999367e+04 3.366000000000000103e-01 7.858484286450522216e-01 9.761228033261395431e-01 1.180110870974913517e+00 8.594307390913595857e-01 1.462173743941841586e+01 1.294536088250181462e-03
9.444000000000000172e-01 4.949999999999999956e-01 1.907999999999999974e-01 8.663999999999999480e-01 1.766000000000000070e-01 6.755999999999999783e-01 3.500000000000000073e-03 1.497310000000000052e+01 7.267999999999999794e+00 6.029999999999999805e-01 1.988399999999999945e+00 3.140999999999999903e-01 2.268499999999999961e+00 -5.921312610000000132e+04 3.650999999999999801e-01 7.843483638181155682e-01 9.724302943192714155e-01 1.179043132219501411e+00 8.561964151467834627e-01 1.467697176961998551e+01 1.225127150171837973e-03
9.448999999999999622e-01 1.403000000000000080e-01 2.013999999999999957e-01 8.661999999999999700e-01 1.885999999999999899e-01 3.170000000000000040e-01 3.799999999999999992e-03 1.058409999999999940e+01 3.262500000000000178e+00 4.043999999999999817e-01 1.902800000000000047e+00 2.958000000000000074e-01 2.132200000000000095e+00 -4.845183380000000034e+04 4.121000000000000218e-01 7.942121500994280270e-01 9.693380039006231907e-01 1.163891530524301610e+00 8.447848784750876527e-01 1.487523147554747638e+01 8.671993651390215874e-04
9.714000000000000412e-01 1.922000000000000097e-01 1.676999999999999880e-01 9.307999999999999607e-01 1.605000000000000038e-01 4.098999999999999866e-01 6.999999999999999929e-04 1.142029999999999923e+01 4.211100000000000065e+00 2.205000000000000016e-01 2.069799999999999862e+00 1.922999999999999987e-01 2.245699999999999807e+00 -4.130287900000000081e+04 3.619999999999999885e-01 7.711487808521128029e-01 1.001072734491407656e+00 9.885312107506859514e-01 5.918459832039099089e-01 2.123250131112177286e+01 1.138226041177678449e-03
9.332000000000000295e-01 5.959999999999999742e-01 1.978000000000000036e-01 8.416000000000000147e-01 1.834999999999999964e-01 5.263999999999999790e-01 5.100000000000000366e-03 1.334570000000000078e+01 7.283999999999999808e+00 6.797999999999999599e-01 1.932299999999999907e+00 3.613000000000000100e-01 2.237600000000000033e+00 -6.091594789999999921e+04 3.761999999999999789e-01 7.781226828224351300e-01 1.006667914445152023e+00 1.155161417219794151e+00 8.154897586795499809e-01 1.540959954507188279e+01 1.083343126451350325e-03
9.864000000000000545e-01 2.184000000000000108e-01 7.513999999999999568e-01 9.674000000000000377e-01 7.467000000000000304e-01 3.590000000000000135e-02 1.000000000000000048e-04 1.107060000000000066e+01 5.546599999999999753e+00 1.996999999999999886e-01 6.481000000000000094e-01 1.082999999999999935e-01 7.191999999999999504e-01 -5.324056220000000030e+04 8.656000000000000361e-01 7.579789123135073359e-01 6.914418757056354004e+00 1.026113370912061562e+00 2.767676441339145810e-01 4.540404516461074991e+01 7.385469744137097402e-04
9.792999999999999483e-01 2.791000000000000147e-01 6.575999999999999623e-01 9.503000000000000336e-01 6.518000000000000460e-01 1.074999999999999983e-01 2.999999999999999737e-04 1.347579999999999956e+01 5.549500000000000099e+00 3.200999999999999956e-01 8.262000000000000455e-01 1.512000000000000011e-01 9.245999999999999774e-01 -4.723142480000000069e+04 8.054000000000000048e-01 7.374246050826985810e-01 6.003564290614971988e+00 1.036767868487187272e+00 3.047905386747841727e-01 4.122952985679016535e+01 8.060414938948900088e-04
9.868999999999999995e-01 1.564000000000000112e-01 7.705999999999999517e-01 9.687999999999999945e-01 7.653999999999999693e-01 3.169999999999999901e-02 1.000000000000000048e-04 9.334400000000000475e+00 4.414200000000000124e+00 1.439000000000000001e-01 5.950999999999999623e-01 1.043000000000000038e-01 6.636999999999999567e-01 -4.977464590000000317e+04 8.770000000000000018e-01 7.495110985920789837e-01 8.018295693755035813e+00 9.952843177828988308e-01 2.299616357260328703e-01 5.464550891145271549e+01 7.243553551390202825e-04
9.709999999999999742e-01 1.671999999999999875e-01 6.915000000000000036e-01 9.295999999999999819e-01 6.851000000000000423e-01 5.360000000000000181e-02 8.000000000000000383e-04 1.271790000000000020e+01 4.049999999999999822e+00 3.118000000000000216e-01 8.173000000000000265e-01 1.927000000000000102e-01 9.382000000000000339e-01 -5.397816700000000128e+04 8.317999999999999838e-01 7.394734696042297717e-01 6.496343363272224281e+00 1.022087821446356681e+00 2.805555903169398846e-01 4.479101842227813535e+01 7.584146490062981458e-04
9.761999999999999567e-01 9.059999999999999998e-02 6.894000000000000128e-01 9.416999999999999815e-01 6.814999999999999947e-01 2.259999999999999856e-02 5.000000000000000104e-04 7.897700000000000387e+00 2.790599999999999969e+00 1.625999999999999945e-01 8.148999999999999577e-01 1.617999999999999994e-01 9.367999999999999661e-01 -2.412013999999999942e+04 8.387999999999999901e-01 6.799689657330485471e-01 6.403573175762238279e+00 8.996548985310210966e-01 2.019902899266936280e-01 6.221274606279223462e+01 7.040107641782110837e-04
9.602000000000000535e-01 3.547000000000000153e-01 6.308000000000000274e-01 9.068000000000000504e-01 6.238000000000000211e-01 3.729999999999999982e-02 1.100000000000000066e-03 1.352420000000000044e+01 6.561799999999999855e+00 5.422000000000000153e-01 1.008699999999999930e+00 2.590000000000000080e-01 1.197799999999999976e+00 -6.541087170000000333e+04 8.021000000000000352e-01 7.472734664839089103e-01 5.497617329032752131e+00 9.932518714329087173e-01 3.015882829173211488e-01 4.166730382494394291e+01 7.525516480558127469e-04
9.656000000000000139e-01 2.296999999999999875e-01 7.359999999999999876e-01 9.162000000000000144e-01 7.292999999999999483e-01 2.610000000000000167e-02 1.199999999999999895e-03 1.138579999999999970e+01 5.659099999999999575e+00 3.895000000000000129e-01 7.127000000000000002e-01 2.200999999999999901e-01 8.499999999999999778e-01 -6.667101219999999739e+04 8.599999999999999867e-01 7.998512029439776017e-01 7.429540674297208547e+00 8.869304818860298534e-01 2.066771101284957945e-01 6.080194660427745390e+01 7.306859497535659557e-04
9.414000000000000146e-01 3.090999999999999859e-01 6.351999999999999869e-01 8.609999999999999876e-01 6.253999999999999559e-01 3.359999999999999792e-02 3.299999999999999982e-03 1.116530000000000022e+01 5.484899999999999665e+00 5.793000000000000371e-01 9.381000000000000449e-01 3.331000000000000072e-01 1.151799999999999935e+00 -6.505683529999999882e+04 8.056999999999999718e-01 7.992054523137224198e-01 4.744208298112148725e+00 8.495572213908493264e-01 2.605535358459375450e-01 4.822951480416496395e+01 7.291463983597319893e-04
8.737000000000000322e-01 6.632000000000000117e-01 3.030999999999999805e-01 7.277000000000000135e-01 2.894999999999999796e-01 1.015999999999999959e-01 1.170000000000000033e-02 1.545500000000000007e+01 6.424299999999999677e+00 1.744799999999999907e+00 1.812899999999999956e+00 6.080999999999999739e-01 2.270099999999999785e+00 -6.956718499999999767e+04 5.829999999999999627e-01 7.846675452666789230e-01 2.031039585854733431e+00 1.143192801666624847e+00 7.122126718465955353e-01 1.764412669291267832e+01 8.725321368605305859e-04
9.696000000000000174e-01 2.429999999999999938e-01 2.932000000000000162e-01 9.264999999999999902e-01 2.866000000000000214e-01 2.772000000000000020e-01 8.000000000000000383e-04 1.527979999999999983e+01 5.402999999999999581e+00 3.184000000000000163e-01 1.826799999999999979e+00 2.030000000000000138e-01 2.000999999999999890e+00 -5.709505900000000111e+04 5.326999999999999513e-01 7.657240380123977452e-01 1.780133823466034215e+00 1.028730980032951603e+00 5.863366484614765950e-01 2.143200607932800494e+01 8.759786169484408153e-04
9.536999999999999922e-01 2.391999999999999960e-01 2.964999999999999858e-01 8.887000000000000455e-01 2.881000000000000227e-01 4.621999999999999997e-01 2.099999999999999870e-03 1.472029999999999994e+01 4.550099999999999589e+00 4.939999999999999947e-01 1.718599999999999905e+00 2.761000000000000121e-01 1.929799999999999960e+00 -6.104962440000000061e+04 5.132999999999999785e-01 7.751031799608832928e-01 1.945965968804548085e+00 1.168071383735491686e+00 7.449514157500318756e-01 1.686871163498239667e+01 1.061545613147514208e-03
8.994999999999999662e-01 3.771999999999999797e-01 3.083000000000000185e-01 7.691000000000000059e-01 2.933000000000000052e-01 2.283000000000000029e-01 1.450000000000000074e-02 1.454059999999999953e+01 6.522999999999999687e+00 1.071900000000000075e+00 1.733400000000000052e+00 4.475000000000000089e-01 2.071499999999999897e+00 -6.937582919999999285e+04 5.450000000000000400e-01 7.382026172826593458e-01 1.510760090639083231e+00 1.139965035783478964e+00 7.222600369427423228e-01 1.739867910669876849e+01 9.405778694059915932e-04
9.790999999999999703e-01 4.717999999999999972e-01 3.563999999999999946e-01 9.499999999999999556e-01 3.519999999999999796e-01 5.776999999999999913e-01 2.999999999999999737e-04 1.599590000000000067e+01 8.457900000000000418e+00 3.517000000000000126e-01 1.506799999999999917e+00 1.557000000000000051e-01 1.624600000000000044e+00 -8.481413869999999588e+04 5.591000000000000414e-01 7.704875314793050434e-01 1.839513742051652967e+00 1.151398716343665418e+00 7.321196384470765040e-01 1.716436761758518159e+01 1.107599670600667354e-03
9.594000000000000306e-01 1.025999999999999968e-01 3.415000000000000258e-01 9.010000000000000231e-01 3.338999999999999746e-01 3.289000000000000257e-01 1.799999999999999951e-03 1.382699999999999996e+01 2.565100000000000158e+00 3.579999999999999849e-01 1.626300000000000079e+00 2.381000000000000061e-01 1.815600000000000103e+00 -4.502792259999999806e+04 5.713000000000000300e-01 7.675303444000545205e-01 1.986731122147170847e+00 1.161124081181948764e+00 7.240182806734449805e-01 1.735642724748686305e+01 9.669729531581185925e-04
9.153999999999999915e-01 4.592999999999999861e-01 2.255999999999999950e-01 8.020000000000000462e-01 2.146000000000000130e-01 1.957000000000000128e-01 9.499999999999999764e-03 1.544110000000000049e+01 7.066499999999999559e+00 9.988000000000000211e-01 2.058800000000000185e+00 4.091000000000000192e-01 2.378000000000000114e+00 -6.300318140000000130e+04 4.878000000000000114e-01 7.505757690840171303e-01 1.448309106524482415e+00 1.176700553705206875e+00 7.888693700745917914e-01 1.592959631982029656e+01 9.387362156919082552e-04
9.372000000000000330e-01 2.121000000000000107e-01 3.135999999999999899e-01 8.494000000000000439e-01 3.028000000000000136e-01 2.066999999999999948e-01 4.899999999999999842e-03 1.417859999999999943e+01 4.194300000000000139e+00 7.262999999999999456e-01 1.677799999999999958e+00 3.313999999999999724e-01 1.922800000000000065e+00 -4.276940570000000298e+04 5.433000000000000052e-01 7.942742051565419015e-01 2.048383280638667703e+00 1.143677554753812720e+00 7.194483279292882560e-01 1.746667568264092552e+01 9.669284151420917467e-04
8.177999999999999714e-01 6.977999999999999758e-01 2.847000000000000086e-01 6.233999999999999542e-01 2.676999999999999935e-01 1.693000000000000060e-01 3.269999999999999990e-02 1.808139999999999858e+01 6.348499999999999588e+00 2.274700000000000166e+00 1.885999999999999899e+00 7.351999999999999647e-01 2.428500000000000103e+00 -5.558968970000000263e+04 5.314999999999999725e-01 7.783981620417941283e-01 1.532039332029464518e+00 9.681560271817165608e-01 5.477361455098803678e-01 2.294237967929121425e+01 1.046495056471996934e-03
9.028000000000000469e-01 3.948999999999999733e-01 2.452000000000000013e-01 7.812000000000000055e-01 2.321000000000000008e-01 1.834999999999999964e-01 8.000000000000000167e-03 1.500939999999999941e+01 4.507799999999999585e+00 1.247700000000000031e+00 1.957799999999999985e+00 4.863000000000000100e-01 2.337000000000000188e+00 -5.489159689999999682e+04 5.014999999999999458e-01 7.889837510843217272e-01 1.875647181358463200e+00 1.150001087155289037e+00 7.435229551934324776e-01 1.690111990031289224e+01 9.708389195865924385e-04
9.741999999999999549e-01 1.726000000000000034e-01 2.998999999999999999e-01 9.371000000000000441e-01 2.929999999999999827e-01 2.500999999999999890e-01 5.999999999999999474e-04 1.200779999999999959e+01 4.465200000000000280e+00 2.492999999999999938e-01 1.732399999999999940e+00 1.761999999999999955e-01 1.885599999999999943e+00 -4.256813289999999688e+04 5.373999999999999888e-01 7.632090539441013233e-01 2.079996134941861641e+00 1.164236271504932807e+00 7.125868807287000228e-01 1.763486103127333848e+01 9.117476520821884544e-04
8.800999999999999934e-01 7.503999999999999559e-01 3.175999999999999934e-01 7.388000000000000123e-01 3.019000000000000017e-01 1.401999999999999913e-01 1.089999999999999997e-02 1.441169999999999973e+01 7.120099999999999874e+00 1.572300000000000031e+00 1.737800000000000011e+00 5.856999999999999984e-01 2.179800000000000182e+00 -6.163036009999999806e+04 5.806000000000000050e-01 7.790756868863042417e-01 1.955866290379564720e+00 6.737743658148747095e-01 2.487299508508301338e-01 5.052214488594320585e+01 8.704796709000489066e-04
9.161000000000000254e-01 6.140999999999999792e-01 2.777000000000000024e-01 8.034999999999999920e-01 2.632999999999999785e-01 4.081000000000000183e-01 9.799999999999999684e-03 1.583189999999999920e+01 7.865800000000000125e+00 1.127799999999999914e+00 1.734399999999999942e+00 4.027000000000000024e-01 2.025599999999999845e+00 -6.254914029999999912e+04 4.874999999999999889e-01 7.685541718786939036e-01 1.838637850839184296e+00 1.168610504266941463e+00 7.523850302453807259e-01 1.670204763412266402e+01 9.940470341515384410e-04
9.800999999999999712e-01 2.579000000000000181e-01 4.979999999999999982e-01 9.522000000000000464e-01 4.932000000000000273e-01 1.819000000000000061e-01 2.999999999999999737e-04 1.303589999999999982e+01 5.693299999999999805e+00 2.852000000000000091e-01 1.187699999999999978e+00 1.469999999999999918e-01 1.290799999999999947e+00 -5.834847570000000269e+04 6.954000000000000181e-01 7.416596660437173583e-01 2.768570796259969935e+00 1.099587256726193285e+00 5.491818895438563830e-01 2.288198291607292845e+01 8.832803087013853770e-04
9.163000000000000034e-01 5.201999999999999957e-01 5.731000000000000538e-01 8.095999999999999863e-01 5.625999999999999890e-01 6.650000000000000355e-02 5.700000000000000205e-03 1.336299999999999955e+01 7.106499999999999595e+00 1.190299999999999914e+00 1.104400000000000048e+00 4.440000000000000058e-01 1.385999999999999899e+00 -6.946287880000000587e+04 7.620000000000000107e-01 6.696696609405893286e-01 3.987878685147074442e+00 1.073103610111843409e+00 3.883327180265157552e-01 3.235980392849908327e+01 7.752016343342219701e-04
9.756000000000000227e-01 1.716000000000000025e-01 4.559000000000000274e-01 9.415999999999999925e-01 4.485999999999999988e-01 1.575999999999999901e-01 4.000000000000000192e-04 1.100130000000000052e+01 4.444099999999999717e+00 2.190000000000000002e-01 1.314100000000000046e+00 1.716999999999999915e-01 1.457100000000000062e+00 -5.271212159999999858e+04 6.715999999999999748e-01 6.908233739646947313e-01 3.157227173155636724e+00 1.077176209687472852e+00 4.600327173859380392e-01 2.731625412593598412e+01 8.370887904874998314e-04
9.049000000000000377e-01 3.599999999999999867e-01 5.147000000000000464e-01 7.820000000000000284e-01 5.047000000000000375e-01 9.569999999999999341e-02 9.499999999999999764e-03 1.345429999999999993e+01 5.439400000000000013e+00 1.204800000000000093e+00 1.224399999999999933e+00 4.615000000000000213e-01 1.494299999999999962e+00 -6.814887960000000021e+04 7.174000000000000377e-01 7.119062489399567983e-01 2.894174387524096392e+00 1.094943688714587138e+00 5.117409262145213855e-01 2.455611808755620373e+01 7.948585847870719145e-04
8.972999999999999865e-01 8.760000000000000009e-01 4.615000000000000213e-01 7.682999999999999829e-01 4.485999999999999988e-01 1.897000000000000075e-01 9.499999999999999764e-03 1.694320000000000093e+01 8.477999999999999758e+00 1.636200000000000099e+00 1.326600000000000001e+00 5.175999999999999490e-01 1.655799999999999939e+00 -6.682003579999999783e+04 6.711000000000000298e-01 6.944142611189964009e-01 3.026718499819948782e+00 1.096379546085410661e+00 4.895080575666401201e-01 2.567142750790864625e+01 8.862040804861453375e-04
8.882999999999999785e-01 7.576000000000000512e-01 4.611000000000000099e-01 7.489000000000000101e-01 4.464000000000000190e-01 2.215000000000000024e-01 1.319999999999999993e-02 1.709750000000000014e+01 7.755799999999999805e+00 1.782399999999999984e+00 1.296000000000000041e+00 5.251000000000000112e-01 1.624000000000000110e+00 -6.443266870000000199e+04 6.656999999999999584e-01 7.167755729182468949e-01 3.199630811325931745e+00 1.087770863795255005e+00 4.833765266259302251e-01 2.599706423908310526e+01 8.754678416112435854e-04
9.774000000000000465e-01 2.824999999999999734e-01 4.510000000000000120e-01 9.455000000000000071e-01 4.445000000000000062e-01 1.628000000000000003e-01 4.000000000000000192e-04 1.277309999999999945e+01 5.115599999999999703e+00 3.005999999999999783e-01 1.324500000000000011e+00 1.615000000000000047e-01 1.456399999999999917e+00 -3.768969999999999709e+04 6.613999999999999879e-01 7.735224818945999337e-01 2.481826786265577844e+00 1.083818735990164317e+00 5.843772032634664271e-01 2.150386863858141240e+01 8.671787163054062901e-04
9.576000000000000068e-01 2.566999999999999837e-01 5.061999999999999833e-01 8.992999999999999883e-01 4.998000000000000220e-01 6.959999999999999520e-02 1.399999999999999986e-03 1.237059999999999960e+01 5.134900000000000020e+00 5.062999999999999723e-01 1.281300000000000106e+00 2.650000000000000133e-01 1.466900000000000093e+00 -5.860808340000000317e+04 7.243000000000000549e-01 7.285825981412118457e-01 2.485296198614067364e+00 1.038012917268841706e+00 5.045833934134180687e-01 2.490444746774142004e+01 7.753966311397562624e-04
8.748000000000000220e-01 6.768999999999999462e-01 5.272999999999999909e-01 7.259999999999999787e-01 5.169000000000000261e-01 6.510000000000000508e-02 1.250000000000000069e-02 1.800359999999999872e+01 6.655499999999999972e+00 2.065999999999999837e+00 1.266399999999999970e+00 5.996000000000000218e-01 1.631099999999999994e+00 -6.097678310000000056e+04 7.252999999999999448e-01 6.954729088855026164e-01 3.831681339540403908e+00 1.017363970983715227e+00 3.711723471193311696e-01 3.385589123728311733e+01 8.604940868242277711e-04
8.812999999999999723e-01 7.297000000000000153e-01 5.837999999999999856e-01 7.400999999999999801e-01 5.745999999999999996e-01 4.760000000000000342e-02 1.020000000000000073e-02 1.775150000000000006e+01 6.969500000000000028e+00 2.096600000000000019e+00 1.131799999999999917e+00 5.895000000000000240e-01 1.472699999999999898e+00 -5.692774670000000333e+04 7.645999999999999464e-01 6.937987281813583484e-01 3.752695099918392341e+00 8.682023334439982198e-01 2.729534839877290064e-01 4.603850601490805872e+01 8.349467930989601340e-04
9.231000000000000316e-01 2.757000000000000006e-01 4.813999999999999946e-01 8.214000000000000190e-01 4.713999999999999857e-01 1.250000000000000000e-01 5.599999999999999943e-03 1.371490000000000009e+01 4.311200000000000365e+00 9.955000000000000515e-01 1.295099999999999918e+00 4.002999999999999892e-01 1.533300000000000107e+00 -7.115453579999999783e+04 6.923000000000000265e-01 7.097721270138104277e-01 3.088308883505268554e+00 1.120224631900122558e+00 5.170259942312724899e-01 2.430510410418179390e+01 8.548094660240112587e-04
9.777000000000000135e-01 3.318999999999999728e-01 5.881999999999999451e-01 9.461000000000000520e-01 5.806000000000000050e-01 9.249999999999999889e-02 4.000000000000000192e-04 1.132830000000000048e+01 6.727999999999999758e+00 2.581999999999999851e-01 1.023800000000000043e+00 1.622000000000000108e-01 1.149000000000000021e+00 -7.012469120000000112e+04 7.756999999999999451e-01 7.291303418323724639e-01 4.246772024789023270e+00 9.929396015008000731e-01 3.483976903850440343e-01 3.606904110205496039e+01 7.569448578383828567e-04
9.711999999999999522e-01 1.781999999999999973e-01 5.082999999999999741e-01 9.317999999999999616e-01 5.026000000000000467e-01 1.771999999999999964e-01 5.999999999999999474e-04 1.409200000000000053e+01 4.143900000000000361e+00 2.883000000000000007e-01 1.220399999999999929e+00 1.958999999999999908e-01 1.352600000000000025e+00 -5.392978839999999764e+04 7.165000000000000258e-01 7.259280323527201872e-01 3.043576881071682116e+00 1.052620518453803111e+00 4.703703843366349724e-01 2.671590523727715194e+01 9.000965184985978669e-04
9.830999999999999739e-01 2.733999999999999764e-01 5.090000000000000080e-01 9.605000000000000204e-01 5.046000000000000485e-01 2.026000000000000023e-01 2.000000000000000096e-04 1.456339999999999968e+01 5.540399999999999991e+00 2.861000000000000210e-01 1.191500000000000004e+00 1.303999999999999881e-01 1.285900000000000043e+00 -5.532365679999999702e+04 7.028999999999999693e-01 7.293401405412787142e-01 3.012670162953315689e+00 1.118981557155615869e+00 5.367975280975973984e-01 2.340988912317500237e+01 9.416731011624732226e-04
9.677999999999999936e-01 6.584999999999999742e-01 2.189000000000000112e-01 9.240000000000000435e-01 2.097999999999999865e-01 4.218999999999999972e-01 6.999999999999999929e-04 1.469740000000000002e+01 8.133200000000000429e+00 4.849999999999999867e-01 1.902300000000000102e+00 2.232000000000000095e-01 2.099000000000000199e+00 -6.380550280000000203e+04 4.198999999999999955e-01 7.748981725353225603e-01 1.138185716068856879e+00 7.501203919041171675e-01 3.410191253523187638e-01 3.684945998666912459e+01 1.222014023463119034e-03
9.673000000000000487e-01 4.704999999999999738e-01 2.424000000000000044e-01 9.209000000000000519e-01 2.340000000000000135e-01 1.849399999999999933e+00 1.000000000000000021e-03 1.634809999999999874e+01 7.110999999999999766e+00 3.323999999999999733e-01 1.697899999999999965e+00 2.162000000000000033e-01 1.864300000000000068e+00 -6.280274790000000212e+04 2.959999999999999853e-01 7.837011177792645444e-01 9.997944990026326195e-01 1.149438993325717862e+00 8.132277596002259745e-01 1.545246146114916996e+01 1.559768497067313747e-03
9.365999999999999881e-01 2.691000000000000059e-01 2.670000000000000151e-01 8.515000000000000346e-01 2.555999999999999939e-01 1.888900000000000023e+00 3.599999999999999901e-03 1.568619999999999948e+01 4.128999999999999559e+00 6.018000000000000016e-01 1.777099999999999902e+00 3.513999999999999901e-01 2.046100000000000030e+00 -5.016545029999999679e+04 3.221999999999999864e-01 7.856424704387525715e-01 1.005208333995607273e+00 1.191958418481887660e+00 8.766659012061881473e-01 1.433427557416039377e+01 1.669770337740004908e-03
9.352000000000000313e-01 1.950999999999999956e-01 1.625000000000000056e-01 8.463000000000000522e-01 1.517000000000000015e-01 5.960999999999999632e-01 4.400000000000000265e-03 1.650469999999999970e+01 3.262300000000000200e+00 6.166000000000000369e-01 2.186100000000000154e+00 3.466000000000000192e-01 2.481899999999999995e+00 -4.318845150000000285e+04 3.442999999999999949e-01 7.846518381554916655e-01 9.809464771776770231e-01 1.179754650617446332e+00 8.576500038863021924e-01 1.465209649322765451e+01 1.253115030369858496e-03
9.389999999999999458e-01 6.187000000000000277e-01 2.038000000000000089e-01 8.557000000000000162e-01 1.918999999999999873e-01 4.657999999999999918e-01 3.599999999999999901e-03 1.385449999999999982e+01 8.352999999999999758e+00 6.220999999999999863e-01 1.933200000000000029e+00 3.477999999999999980e-01 2.223599999999999799e+00 -7.062454330000000482e+04 4.002999999999999892e-01 7.943055714275517598e-01 1.103681512844200352e+00 9.044970523788397054e-01 5.091380800340088442e-01 2.468165534489146040e+01 1.010224684173902533e-03
8.861999999999999877e-01 5.281000000000000139e-01 1.844999999999999973e-01 7.459000000000000075e-01 1.637000000000000122e-01 4.032999999999999918e-01 1.190000000000000085e-02 1.570069999999999943e+01 6.381800000000000139e+00 9.939999999999999947e-01 2.076299999999999812e+00 5.433999999999999941e-01 2.534499999999999975e+00 -6.369531609999999637e+04 3.942999999999999838e-01 7.833044759953964320e-01 1.007480894020042150e+00 1.143798145630529506e+00 8.048468242920382432e-01 1.561336919657083833e+01 1.150422413665469837e-03
9.534000000000000252e-01 2.348000000000000087e-01 2.119999999999999940e-01 8.882999999999999785e-01 2.051000000000000045e-01 9.253000000000000114e-01 2.000000000000000042e-03 1.437909999999999933e+01 4.168099999999999916e+00 2.907000000000000139e-01 1.916800000000000059e+00 2.785000000000000253e-01 2.119099999999999984e+00 -3.839492289999999775e+04 3.731999999999999762e-01 7.829935672575631944e-01 1.003965622916805023e+00 1.189168238181093296e+00 8.696269230754836155e-01 1.445030079096160947e+01 1.324589284019717615e-03
9.764000000000000457e-01 2.121000000000000107e-01 2.394000000000000017e-01 9.428999999999999604e-01 2.361000000000000043e-01 1.464399999999999924e+00 5.000000000000000104e-04 1.451839999999999975e+01 3.918099999999999916e+00 1.502000000000000002e-01 1.764299999999999979e+00 1.658999999999999919e-01 1.879299999999999971e+00 -3.110362789999999950e+04 3.478999999999999870e-01 7.837345705913945082e-01 1.008940612490358157e+00 1.191823245045545931e+00 8.743271945378496834e-01 1.437261781729376686e+01 1.503846728941883072e-03
9.784000000000000474e-01 1.322000000000000119e-01 1.822999999999999898e-01 9.469999999999999529e-01 1.766000000000000070e-01 7.382999999999999563e-01 4.000000000000000192e-04 1.480259999999999998e+01 3.128899999999999793e+00 1.494999999999999940e-01 2.061199999999999921e+00 1.507999999999999896e-01 2.193299999999999805e+00 -4.654054639999999927e+04 3.482999999999999985e-01 7.870528756861627784e-01 1.004381997758053702e+00 1.172586532903284073e+00 8.499267923135157554e-01 1.478523883233906488e+01 1.268872576020708010e-03
9.918000000000000149e-01 1.047000000000000014e-01 6.269000000000000128e-01 9.814000000000000501e-01 6.219999999999999973e-01 8.909999999999999865e-02 0.000000000000000000e+00 8.032299999999999329e+00 3.446699999999999875e+00 6.350000000000000089e-02 8.830999999999999961e-01 6.880000000000000004e-02 9.347999999999999643e-01 -4.608539330000000336e+04 7.886999999999999567e-01 7.898894432171524871e-01 5.282801265581429817e+00 9.972656365849982274e-01 3.302900718278748982e-01 3.804646789658249872e+01 7.659193672466296961e-04
9.433000000000000274e-01 3.066999999999999726e-01 6.391999999999999904e-01 8.660999999999999810e-01 6.316000000000000503e-01 5.020000000000000157e-02 2.799999999999999972e-03 1.441910000000000025e+01 5.337200000000000166e+00 7.870000000000000329e-01 9.720999999999999641e-01 3.284000000000000252e-01 1.179000000000000048e+00 -5.283303850000000239e+04 8.026999999999999691e-01 8.389718371997216817e-01 6.599371115890215300e+00 1.020801390695889932e+00 3.138535210780643570e-01 4.003896649365152172e+01 7.673412321363101175e-04
9.892999999999999572e-01 1.766000000000000070e-01 6.230999999999999872e-01 9.757000000000000117e-01 6.178000000000000158e-01 5.630000000000000282e-02 1.000000000000000048e-04 1.011829999999999963e+01 4.031799999999999606e+00 1.335999999999999965e-01 9.510999999999999455e-01 8.859999999999999820e-02 1.020699999999999941e+00 -2.973950370000000112e+04 7.883999999999999897e-01 8.451464091147894431e-01 5.715241002441530327e+00 1.032443597847254146e+00 3.586954235795374868e-01 3.503354040303971573e+01 7.391654806082503153e-04
9.555000000000000160e-01 1.670000000000000095e-01 6.373999999999999666e-01 8.941999999999999948e-01 6.227000000000000313e-01 7.080000000000000182e-02 1.699999999999999905e-03 1.038129999999999953e+01 3.488500000000000156e+00 3.407000000000000028e-01 9.074999999999999734e-01 2.662999999999999812e-01 1.080300000000000038e+00 -3.635233060000000114e+04 8.017999999999999572e-01 7.484614281856003526e-01 5.053952477309558766e+00 8.378303518733143385e-01 2.276064758260664123e-01 5.521095376900528606e+01 7.840688039893115024e-04
9.693000000000000504e-01 2.136000000000000121e-01 5.612000000000000322e-01 9.251000000000000334e-01 5.545999999999999819e-01 1.912999999999999978e-01 8.999999999999999754e-04 1.433489999999999931e+01 4.160000000000000142e+00 4.040000000000000258e-01 1.052699999999999969e+00 2.003000000000000058e-01 1.181899999999999951e+00 -4.148804559999999765e+04 7.392999999999999572e-01 8.077056993684317288e-01 5.042143127843681683e+00 1.070980298517197005e+00 4.019750848912863050e-01 3.126156591958363151e+01 8.595952110485990602e-04
9.835000000000000409e-01 4.228999999999999981e-01 6.207000000000000295e-01 9.619999999999999662e-01 6.156000000000000361e-01 7.030000000000000138e-02 1.000000000000000048e-04 1.352169999999999916e+01 8.174699999999999633e+00 3.573999999999999955e-01 9.607999999999999874e-01 1.313000000000000000e-01 1.058999999999999941e+00 -8.273778350000000501e+04 7.853999999999999870e-01 7.490231950283684492e-01 4.728728402719646340e+00 1.031192362811101937e+00 3.605391413115805466e-01 3.485438659626479563e+01 7.605511473844397659e-04
9.303000000000000158e-01 1.968999999999999917e-01 2.550999999999999934e-01 8.337999999999999856e-01 2.363999999999999990e-01 5.994000000000000439e-01 6.199999999999999782e-03 8.280699999999999505e+00 3.373600000000000154e+00 5.037000000000000366e-01 1.543600000000000083e+00 3.536000000000000254e-01 1.770899999999999919e+00 -4.518818370000000141e+04 3.796999999999999820e-01 7.920533137624017339e-01 9.983082051102333265e-01 1.181494823980802744e+00 8.683756403064974982e-01 1.447112290013548552e+01 9.364818576375460177e-04
9.515000000000000124e-01 5.686999999999999833e-01 1.958000000000000018e-01 8.828000000000000291e-01 1.845999999999999863e-01 8.092000000000000304e-01 2.700000000000000143e-03 1.542849999999999966e+01 8.076200000000000045e+00 6.734999999999999876e-01 1.891599999999999948e+00 2.846000000000000196e-01 2.113799999999999901e+00 -7.001031059999999707e+04 3.323999999999999733e-01 7.829879481522457052e-01 1.025282747008176010e+00 1.121392351041725188e+00 7.732010804935336434e-01 1.625239660340110959e+01 1.127719769266735932e-03
9.293000000000000149e-01 4.178000000000000047e-01 1.857999999999999929e-01 8.325000000000000178e-01 1.721000000000000030e-01 4.677999999999999936e-01 5.899999999999999863e-03 1.276219999999999999e+01 6.645999999999999908e+00 7.756999999999999451e-01 1.944800000000000084e+00 3.694999999999999951e-01 2.222700000000000120e+00 -5.647442160000000149e+04 3.507000000000000117e-01 7.856925365963524088e-01 9.856364846214071829e-01 1.071494544173865027e+00 7.084345143068502271e-01 1.773822472025437236e+01 1.053478510210167137e-03
9.556000000000000050e-01 2.253999999999999893e-01 1.985999999999999988e-01 8.912999999999999812e-01 1.890000000000000013e-01 4.640000000000000235e-01 2.500000000000000052e-03 1.194410000000000061e+01 4.291599999999999859e+00 4.502999999999999781e-01 1.901299999999999990e+00 2.570000000000000062e-01 2.099200000000000177e+00 -2.519233199999999852e+04 3.729999999999999982e-01 7.848680286698653807e-01 1.011387872633475293e+00 1.145516997814092219e+00 8.088643119654439495e-01 1.553582032049898309e+01 1.008807760604330406e-03
9.916000000000000369e-01 1.310999999999999943e-01 2.379000000000000004e-01 9.811999999999999611e-01 2.341000000000000025e-01 3.996000000000000107e-01 0.000000000000000000e+00 8.985599999999999810e+00 3.312300000000000022e+00 6.110000000000000153e-02 1.725400000000000045e+00 7.019999999999999851e-02 1.787800000000000056e+00 -4.450354209999999875e+04 4.308000000000000163e-01 7.873693271709643060e-01 1.041426933322207926e+00 1.187009090247147514e+00 8.709587354582616348e-01 1.442820434856455236e+01 9.302678423051887347e-04
9.895000000000000462e-01 1.471999999999999975e-01 1.874000000000000110e-01 9.757000000000000117e-01 1.839999999999999969e-01 3.825999999999999956e-01 1.000000000000000048e-04 1.070079999999999920e+01 4.308099999999999596e+00 8.640000000000000457e-02 1.997200000000000086e+00 8.740000000000000546e-02 2.076600000000000001e+00 -4.864759109999999782e+04 3.892999999999999794e-01 7.821928168919888291e-01 9.983717579534725495e-01 1.173407265485370887e+00 8.458648191084873202e-01 1.485623982754561112e+01 1.049885212217130988e-03
9.344999999999999973e-01 2.580000000000000071e-01 2.001999999999999891e-01 8.437999999999999945e-01 1.862999999999999934e-01 3.078000000000000180e-01 5.000000000000000104e-03 1.231520000000000081e+01 3.987200000000000077e+00 5.963000000000000522e-01 1.999300000000000077e+00 3.474999999999999756e-01 2.288199999999999790e+00 -4.841982310000000143e+04 4.274999999999999911e-01 7.917788575142934437e-01 9.970553721163293304e-01 1.117473446223642641e+00 7.765461343669740613e-01 1.618238770141202565e+01 9.418270827429853220e-04
9.733000000000000540e-01 4.038999999999999813e-01 1.932999999999999996e-01 9.348999999999999533e-01 1.862000000000000044e-01 6.237000000000000322e-01 6.999999999999999929e-04 1.459629999999999939e+01 5.958599999999999675e+00 3.991000000000000103e-01 1.959699999999999998e+00 1.812000000000000000e-01 2.109999999999999876e+00 -3.266298110000000088e+04 3.558999999999999941e-01 7.772634721953211034e-01 1.014961891336167987e+00 1.097980851967991667e+00 7.359083426201601386e-01 1.707599966813437575e+01 1.076928944128736128e-03
9.280000000000000471e-01 2.846000000000000196e-01 2.001999999999999891e-01 8.286000000000000032e-01 1.902999999999999969e-01 5.132999999999999785e-01 7.199999999999999803e-03 1.267759999999999998e+01 4.411800000000000388e+00 7.478000000000000203e-01 1.895299999999999985e+00 3.573999999999999955e-01 2.110399999999999832e+00 -4.617420590000000084e+04 3.563000000000000056e-01 7.859814238526804386e-01 9.798722192457260949e-01 1.177933524107353414e+00 8.564437412021482787e-01 1.467273331546608439e+01 9.864967107165887802e-04
9.903999999999999471e-01 3.774000000000000132e-01 9.370000000000000551e-01 9.791999999999999593e-01 9.304000000000000048e-01 3.899999999999999821e-03 0.000000000000000000e+00 9.245400000000000063e+00 7.227599999999999802e+00 2.565999999999999948e-01 1.859000000000000097e-01 8.240000000000000102e-02 2.434000000000000052e-01 -8.763349340000000666e+04 9.663000000000000478e-01 4.920134828635834845e-01 2.556125749782293965e+01 9.240232550181007865e-01 4.781648308580228185e-02 2.628041588046108927e+02 6.706283172884304911e-04
9.572000000000000508e-01 2.562999999999999723e-01 7.122000000000000552e-01 8.991000000000000103e-01 7.043000000000000371e-01 2.259999999999999856e-02 1.399999999999999986e-03 1.150060000000000038e+01 4.298600000000000421e+00 5.281000000000000139e-01 7.903000000000000025e-01 2.671000000000000041e-01 9.568999999999999728e-01 -5.161091019999999844e+04 8.481999999999999540e-01 7.510325106151538588e-01 8.100558078861196165e+00 1.029740696393298238e+00 2.447052304915741106e-01 5.135309363480021005e+01 7.099982117503036939e-04
9.839999999999999858e-01 2.031000000000000028e-01 8.780000000000000027e-01 9.622000000000000552e-01 8.716000000000000414e-01 4.199999999999999740e-03 2.000000000000000096e-04 7.767199999999999882e+00 5.246400000000000396e+00 1.705000000000000127e-01 3.639000000000000012e-01 1.242999999999999938e-01 4.410999999999999921e-01 -5.722921600000000035e+04 9.375000000000000000e-01 7.081575224494930376e-01 1.904544272579623865e+01 9.279660884400812160e-01 9.080373746016810743e-02 1.383904557879187109e+02 6.769479278141510379e-04
9.676000000000000156e-01 4.233000000000000096e-01 7.934999999999999831e-01 9.219000000000000528e-01 7.864999999999999769e-01 1.299999999999999940e-02 8.999999999999999754e-04 8.082000000000000739e+00 7.368299999999999628e+00 3.662000000000000255e-01 5.544000000000000039e-01 2.160999999999999865e-01 6.872000000000000330e-01 -5.761954020000000310e+04 8.948000000000000398e-01 8.100325782831785393e-01 1.134123318882378229e+01 9.605390002010381068e-01 1.748338526360387335e-01 7.187607219592237584e+01 6.921402904063919106e-04
9.782999999999999474e-01 3.876000000000000001e-01 8.997000000000000552e-01 9.512000000000000455e-01 8.930000000000000160e-01 5.400000000000000286e-03 2.000000000000000096e-04 1.188320000000000043e+01 6.936700000000000088e+00 4.420000000000000040e-01 3.141999999999999793e-01 1.620000000000000051e-01 3.971999999999999975e-01 -6.874460050000000047e+04 9.469999999999999529e-01 6.500702848944640566e-01 2.539658833192158127e+01 9.786465777610265926e-01 7.129215313011091903e-02 1.762658309873887958e+02 6.799788719708650068e-04
9.570999999999999508e-01 3.846999999999999864e-01 7.731999999999999984e-01 9.006999999999999451e-01 7.647000000000000464e-01 2.139999999999999888e-02 1.199999999999999895e-03 1.322540000000000049e+01 5.743900000000000006e+00 6.381999999999999895e-01 6.458000000000000407e-01 2.766000000000000125e-01 8.028999999999999471e-01 -4.878595240000000194e+04 8.889000000000000234e-01 7.600608749532529185e-01 9.529303392363662084e+00 1.000727962025734330e+00 2.055380323051972102e-01 6.113890686517689943e+01 7.296321502975134992e-04
9.871999999999999664e-01 2.620000000000000107e-01 8.890000000000000124e-01 9.706000000000000183e-01 8.828000000000000291e-01 6.899999999999999883e-03 1.000000000000000048e-04 9.022800000000000153e+00 6.021700000000000053e+00 1.892000000000000071e-01 3.260000000000000120e-01 1.053000000000000047e-01 3.899000000000000243e-01 -7.566297310000000289e+04 9.421000000000000485e-01 5.842368629345798814e-01 1.624847360965582155e+01 9.182182340143495436e-01 8.451657442124203834e-02 1.486852809689929131e+02 6.846692508566661148e-04
9.837000000000000188e-01 4.161000000000000254e-01 8.602999999999999536e-01 9.628999999999999782e-01 8.540999999999999703e-01 1.080000000000000057e-02 1.000000000000000048e-04 1.219669999999999987e+01 7.793800000000000061e+00 3.691999999999999726e-01 4.007000000000000006e-01 1.307999999999999996e-01 4.835999999999999743e-01 -7.604717509999999311e+04 9.263000000000000123e-01 5.665709586544037668e-01 1.362955874445425763e+01 7.446863502965817005e-01 6.285941151809001926e-02 1.999123171991954564e+02 6.936262572592877956e-04
9.878000000000000114e-01 3.736999999999999766e-01 8.625000000000000444e-01 9.720999999999999641e-01 8.567000000000000171e-01 9.299999999999999239e-03 1.000000000000000048e-04 9.740700000000000358e+00 7.304700000000000415e+00 2.305999999999999994e-01 3.940000000000000169e-01 1.023000000000000020e-01 4.607999999999999874e-01 -6.251130150000000140e+04 9.274999999999999911e-01 5.641507008021472425e-01 1.250799474946944301e+01 9.645348205930891483e-01 1.130281840176277780e-01 1.111790897427789560e+02 7.025245775603964791e-04
9.838000000000000078e-01 2.752000000000000002e-01 8.874999999999999556e-01 9.617999999999999883e-01 8.811999999999999833e-01 5.199999999999999761e-03 2.000000000000000096e-04 9.129599999999999937e+00 5.873000000000000220e+00 2.296999999999999875e-01 3.361000000000000099e-01 1.255999999999999894e-01 4.107999999999999985e-01 -5.536099480000000040e+04 9.411000000000000476e-01 6.916278162651772199e-01 1.864948459112557089e+01 9.220911351758582786e-01 8.923485562593412579e-02 1.408235663767582366e+02 6.852571828605364887e-04
9.840999999999999748e-01 3.146999999999999797e-01 8.750999999999999890e-01 9.625000000000000222e-01 8.692999999999999616e-01 6.499999999999999702e-03 2.000000000000000096e-04 8.499200000000000088e+00 6.064199999999999591e+00 2.215999999999999914e-01 3.643000000000000127e-01 1.247999999999999943e-01 4.338000000000000189e-01 -4.952984520000000339e+04 9.346999999999999753e-01 7.085368431403407108e-01 1.711867700946566728e+01 9.789076520903479128e-01 1.112277082398231837e-01 1.129787785186065463e+02 6.843629342048534406e-04
9.674000000000000377e-01 4.485999999999999988e-01 6.105000000000000426e-01 9.213000000000000078e-01 6.022999999999999465e-01 9.829999999999999849e-02 8.999999999999999754e-04 1.352720000000000056e+01 7.552299999999999791e+00 4.797000000000000153e-01 9.503000000000000336e-01 2.167000000000000037e-01 1.100400000000000045e+00 -6.526423550000000250e+04 7.753999999999999782e-01 7.770922533156999767e-01 5.150984081974121054e+00 1.033631798702314031e+00 3.551036831536560356e-01 3.538789151032716518e+01 7.993401452106990972e-04
9.875000000000000444e-01 1.569000000000000117e-01 6.304999999999999494e-01 9.704000000000000403e-01 6.233999999999999542e-01 6.019999999999999657e-02 1.000000000000000048e-04 1.145209999999999972e+01 4.076600000000000001e+00 1.260999999999999899e-01 9.550999999999999490e-01 1.005999999999999950e-01 1.035099999999999909e+00 -4.403622329999999783e+04 7.915999999999999703e-01 7.640703910283256350e-01 5.219246338774956584e+00 1.041162040625323026e+00 3.511172544044511290e-01 3.578966985166727710e+01 7.486891190317224946e-04
9.290000000000000480e-01 4.158999999999999919e-01 4.843999999999999972e-01 8.348999999999999755e-01 4.736000000000000210e-01 1.459000000000000019e-01 4.300000000000000003e-03 1.589020000000000010e+01 5.253300000000000303e+00 9.357999999999999652e-01 1.323600000000000110e+00 3.925000000000000155e-01 1.596999999999999975e+00 -5.036604510000000300e+04 7.007999999999999785e-01 7.727531726370373555e-01 3.296078460908075769e+00 1.076789994588701393e+00 5.026964575231374077e-01 2.499792951849234868e+01 9.252157342391208487e-04
9.659999999999999698e-01 4.001000000000000112e-01 4.793999999999999928e-01 9.196999999999999620e-01 4.731000000000000205e-01 1.340000000000000080e-01 8.000000000000000383e-04 1.233699999999999974e+01 6.158299999999999663e+00 3.622000000000000219e-01 1.307900000000000063e+00 2.285999999999999976e-01 1.464199999999999946e+00 -5.669073939999999857e+04 6.937999999999999723e-01 8.143742726078427863e-01 3.304310847608396884e+00 1.090106063906940648e+00 5.422319073385836186e-01 2.317526955585888260e+01 8.464281402264067474e-04
9.311000000000000387e-01 4.398000000000000242e-01 5.070999999999999952e-01 8.419999999999999707e-01 4.981999999999999762e-01 1.018000000000000016e-01 3.399999999999999811e-03 1.659900000000000020e+01 6.106900000000000439e+00 1.080000000000000071e+00 1.311800000000000077e+00 3.921999999999999931e-01 1.594799999999999995e+00 -6.609439400000000023e+04 7.153000000000000469e-01 7.652312225642574628e-01 3.452055679837808366e+00 1.093347041977208223e+00 5.005128599149080149e-01 2.510698849275436473e+01 8.841238037053849100e-04
9.750999999999999668e-01 3.246999999999999886e-01 4.853000000000000091e-01 9.407999999999999696e-01 4.792000000000000148e-01 1.129000000000000004e-01 4.000000000000000192e-04 1.134800000000000075e+01 6.462799999999999656e+00 2.767000000000000015e-01 1.256299999999999972e+00 1.784999999999999920e-01 1.400099999999999900e+00 -7.334220549999999639e+04 6.955000000000000071e-01 7.771609829290735405e-01 3.200000536337133994e+00 1.052281722908390504e+00 4.904291495640965559e-01 2.562321310943368502e+01 8.301123365397483633e-04
9.519999999999999574e-01 3.685999999999999832e-01 5.963000000000000522e-01 8.842999999999999750e-01 5.890999999999999570e-01 6.140000000000000319e-02 2.399999999999999790e-03 1.475810000000000066e+01 6.294900000000000162e+00 7.036999999999999922e-01 1.035199999999999898e+00 2.839999999999999747e-01 1.208800000000000097e+00 -5.817281809999999678e+04 7.693999999999999728e-01 7.898739414039088746e-01 2.672112591453913222e+00 7.541588098033691345e-01 2.796765491995600317e-01 4.493179943160905054e+01 8.247685207519077702e-04
8.889000000000000234e-01 6.296000000000000485e-01 5.064999999999999503e-01 7.500999999999999890e-01 4.914999999999999925e-01 1.570999999999999897e-01 1.299999999999999940e-02 1.556760000000000055e+01 7.836100000000000065e+00 1.606200000000000072e+00 1.171899999999999942e+00 5.240000000000000213e-01 1.497700000000000031e+00 -6.945788019999999960e+04 7.018999999999999684e-01 8.666187133578504564e-01 2.083465417804344355e+00 7.652008263216087958e-01 3.493308401334017099e-01 3.597269170268606331e+01 9.023461739239195881e-04
9.713000000000000522e-01 2.757999999999999896e-01 4.551999999999999935e-01 9.307999999999999607e-01 4.477999999999999758e-01 1.060999999999999999e-01 6.999999999999999929e-04 1.165939999999999976e+01 6.031799999999999606e+00 3.049999999999999933e-01 1.375299999999999967e+00 1.958000000000000018e-01 1.538999999999999924e+00 -7.584715730000000622e+04 6.824000000000000066e-01 9.251241797052764948e-01 2.227603212043745451e+00 9.112866102376514510e-01 5.161042560879558483e-01 2.434851188713618697e+01 8.220574251620006104e-04
9.155999999999999694e-01 4.859999999999999876e-01 6.162999999999999590e-01 8.042000000000000259e-01 6.045000000000000373e-01 6.169999999999999790e-02 7.499999999999999722e-03 1.185940000000000083e+01 6.419599999999999973e+00 9.963999999999999524e-01 9.649999999999999689e-01 4.289000000000000035e-01 1.213200000000000056e+00 -6.315934109999999782e+04 7.838000000000000522e-01 9.408716155724727859e-01 5.254091314231609466e+00 9.388494416738619730e-01 3.499784671476313114e-01 3.590612507328431491e+01 7.694275650030968708e-04
9.638999999999999790e-01 1.544999999999999984e-01 5.891999999999999460e-01 9.115999999999999659e-01 5.819999999999999618e-01 4.469999999999999668e-02 1.399999999999999986e-03 9.657400000000000873e+00 4.036900000000000155e+00 3.118000000000000216e-01 1.052699999999999969e+00 2.223999999999999866e-01 1.205899999999999972e+00 -5.310420820000000094e+04 7.782999999999999918e-01 9.084733304059986470e-01 4.075425994024735488e+00 9.455076544647584846e-01 4.036641355522689323e-01 3.113075824079992060e+01 7.352392834533852742e-04
9.322000000000000286e-01 3.059999999999999942e-01 5.321000000000000174e-01 8.403000000000000469e-01 5.219000000000000306e-01 1.187000000000000000e-01 4.499999999999999660e-03 1.429840000000000089e+01 5.330300000000000260e+00 8.625000000000000444e-01 1.166299999999999892e+00 3.682000000000000273e-01 1.417300000000000004e+00 -6.190008810000000085e+04 7.249999999999999778e-01 7.055605109561290389e-01 4.042850983939789700e+00 9.943984656618723994e-01 3.484500200049230889e-01 3.606362431599696095e+01 8.320279841871375433e-04
9.348999999999999533e-01 6.170999999999999819e-01 3.467000000000000082e-01 8.493000000000000549e-01 3.347999999999999865e-01 1.837999999999999912e-01 3.200000000000000153e-03 1.244270000000000032e+01 7.933300000000000018e+00 8.249999999999999556e-01 1.593099999999999961e+00 3.779000000000000137e-01 1.890200000000000102e+00 -7.988515840000000026e+04 5.949999999999999734e-01 7.513016634530846893e-01 2.647767133341333068e+00 1.114883868479787488e+00 5.837797971445199963e-01 2.152587444071527756e+01 8.416531588581995307e-04
9.768999999999999906e-01 5.859999999999999654e-01 3.845000000000000084e-01 9.446999999999999842e-01 3.785000000000000031e-01 2.757999999999999896e-01 4.000000000000000192e-04 1.629919999999999902e+01 8.545799999999999841e+00 4.709999999999999742e-01 1.482699999999999907e+00 1.688999999999999946e-01 1.621299999999999963e+00 -7.026016749999999593e+04 6.015000000000000346e-01 8.172184186340828438e-01 2.745123662980830215e+00 1.106988499295514350e+00 6.157491559095982225e-01 2.040826283520576467e+01 9.769220279478079902e-04
9.849999999999999867e-01 5.612000000000000322e-01 4.899999999999999911e-01 9.649999999999999689e-01 4.849999999999999867e-01 3.622000000000000219e-01 1.000000000000000048e-04 1.575360000000000049e+01 8.399200000000000443e+00 4.058999999999999830e-01 1.110800000000000010e+00 1.208000000000000046e-01 1.199100000000000055e+00 -6.974177280000000610e+04 6.794999999999999929e-01 6.430894845486506695e-01 2.487790855435521920e+00 1.122398596977304930e+00 5.205093186196806387e-01 2.414245079739103161e+01 9.111172247131260615e-04
9.324999999999999956e-01 3.362999999999999878e-01 4.143999999999999906e-01 8.400999999999999579e-01 4.061000000000000165e-01 1.550999999999999879e-01 5.000000000000000104e-03 1.436190000000000033e+01 5.368500000000000050e+00 8.921000000000000041e-01 1.491400000000000059e+00 3.604999999999999871e-01 1.708299999999999930e+00 -5.330575259999999980e+04 6.399000000000000243e-01 7.329050460205226436e-01 2.871500335704319173e+00 1.132229473449365420e+00 5.654793697612664483e-01 2.222250940766314642e+01 9.139497783527246672e-04
9.479999999999999538e-01 4.167000000000000148e-01 4.993000000000000216e-01 8.778000000000000247e-01 4.899000000000000021e-01 1.738999999999999990e-01 2.099999999999999870e-03 1.484689999999999976e+01 6.889800000000000146e+00 6.780000000000000471e-01 1.239400000000000057e+00 3.146999999999999797e-01 1.452900000000000080e+00 -6.603200049999999464e+04 7.057999999999999829e-01 7.426433623466023315e-01 3.815620252213856478e+00 1.078603251963169418e+00 4.465954642089525750e-01 2.813815101462748913e+01 8.653751271712410275e-04
9.759999999999999787e-01 2.690000000000000169e-01 5.839999999999999636e-01 9.427999999999999714e-01 5.775000000000000133e-01 1.867999999999999938e-01 4.000000000000000192e-04 1.362100000000000044e+01 4.865599999999999703e+00 2.839999999999999747e-01 9.792999999999999483e-01 1.716000000000000025e-01 1.077299999999999924e+00 -4.057264250000000175e+04 7.544999999999999485e-01 7.209168518608010112e-01 4.522496851695965603e+00 1.063818002020307185e+00 3.800817700579380287e-01 3.306228186751395270e+01 8.379669451672258369e-04
8.717000000000000304e-01 4.804999999999999827e-01 5.040000000000000036e-01 7.164000000000000368e-01 4.930999999999999828e-01 7.359999999999999876e-02 1.839999999999999969e-02 1.429899999999999949e+01 6.456699999999999662e+00 1.393199999999999994e+00 1.273500000000000076e+00 5.635999999999999899e-01 1.607900000000000107e+00 -7.528056879999999364e+04 7.124000000000000332e-01 7.189684545485613976e-01 3.174624401498475912e+00 9.631300118731060955e-01 3.816691659907524570e-01 3.292477290309494720e+01 8.388191142930853921e-04
9.412000000000000366e-01 4.240999999999999770e-01 4.988000000000000211e-01 8.614000000000000545e-01 4.903000000000000136e-01 1.492999999999999883e-01 3.000000000000000062e-03 1.554609999999999914e+01 6.102800000000000225e+00 8.103000000000000203e-01 1.276399999999999979e+00 3.397000000000000020e-01 1.505200000000000093e+00 -4.953582149999999820e+04 7.076000000000000068e-01 7.491089948139054711e-01 3.916555381321392471e+00 1.100605470315535683e+00 4.618921906247404618e-01 2.720628507999302670e+01 8.820864697818909302e-04
8.693999999999999506e-01 5.639999999999999458e-01 1.991999999999999882e-01 7.120999999999999552e-01 1.716000000000000025e-01 7.336000000000000298e-01 2.100000000000000130e-02 1.531020000000000003e+01 7.421899999999999942e+00 1.168400000000000105e+00 1.907899999999999929e+00 5.594999999999999973e-01 2.356100000000000083e+00 -6.544053340000000026e+04 3.655999999999999805e-01 7.850648062044052189e-01 1.034307927241518099e+00 1.153378834108520934e+00 8.200036894948780075e-01 1.532477326059355960e+01 1.247306051973670702e-03
9.855000000000000426e-01 1.189000000000000057e-01 2.038000000000000089e-01 9.657999999999999918e-01 1.980999999999999983e-01 5.848999999999999755e-01 1.000000000000000048e-04 9.032400000000000873e+00 3.882099999999999884e+00 7.320000000000000118e-02 1.773700000000000054e+00 1.116999999999999937e-01 1.873699999999999921e+00 -4.493605329999999958e+04 3.459999999999999742e-01 7.862000374597394314e-01 1.008635970116769087e+00 1.045991149493258332e+00 6.755708984027642972e-01 1.860111299061214041e+01 9.881423222553276878e-04
8.031000000000000361e-01 8.263000000000000345e-01 1.665000000000000091e-01 5.997000000000000108e-01 1.358000000000000040e-01 2.810000000000000275e-01 3.549999999999999684e-02 1.454669999999999952e+01 7.750600000000000378e+00 1.877299999999999969e+00 2.108999999999999986e+00 7.813999999999999835e-01 2.774099999999999788e+00 -7.867369580000000133e+04 3.966999999999999971e-01 7.910575734133754588e-01 9.975914877835113659e-01 1.117225579927557444e+00 7.754951466891530920e-01 1.620431883811161455e+01 9.928673517953551415e-04
9.626000000000000112e-01 3.390000000000000235e-01 2.156000000000000139e-01 9.088000000000000522e-01 2.056999999999999940e-01 5.554000000000000048e-01 1.500000000000000031e-03 1.567270000000000074e+01 6.841700000000000337e+00 4.566999999999999948e-01 1.908700000000000063e+00 2.341999999999999915e-01 2.115200000000000191e+00 -7.614279529999999795e+04 4.071000000000000174e-01 7.856377902866089613e-01 1.012442150522562478e+00 1.125873084921397593e+00 7.821220317559096635e-01 1.606702036784072618e+01 1.111132643645264175e-03
8.951999999999999957e-01 4.395000000000000018e-01 1.701000000000000012e-01 7.612999999999999767e-01 1.519000000000000072e-01 3.049999999999999933e-01 1.329999999999999932e-02 1.466530000000000022e+01 5.535800000000000054e+00 1.000199999999999978e+00 2.141199999999999992e+00 4.832000000000000184e-01 2.563299999999999912e+00 -4.960783290000000125e+04 3.852999999999999758e-01 7.819099963661633179e-01 9.742722861643242638e-01 9.649897986592486099e-01 5.717660088266550700e-01 2.197817012618002153e+01 1.081577903066725365e-03
9.709999999999999742e-01 1.671999999999999875e-01 6.915000000000000036e-01 9.295999999999999819e-01 6.851000000000000423e-01 5.360000000000000181e-02 8.000000000000000383e-04 1.271790000000000020e+01 4.049999999999999822e+00 3.118000000000000216e-01 8.173000000000000265e-01 1.927000000000000102e-01 9.382000000000000339e-01 -5.397816700000000128e+04 8.317999999999999838e-01 7.394734696042297717e-01 6.496343363272224281e+00 1.022087821446356681e+00 2.805555903169398846e-01 4.479101842227813535e+01 7.584146490062981458e-04
9.761999999999999567e-01 9.059999999999999998e-02 6.894000000000000128e-01 9.416999999999999815e-01 6.814999999999999947e-01 2.259999999999999856e-02 5.000000000000000104e-04 7.897700000000000387e+00 2.790599999999999969e+00 1.625999999999999945e-01 8.148999999999999577e-01 1.617999999999999994e-01 9.367999999999999661e-01 -2.412013999999999942e+04 8.387999999999999901e-01 6.799689657330485471e-01 6.403573175762238279e+00 8.996548985310210966e-01 2.019902899266936280e-01 6.221274606279223462e+01 7.040107641782110837e-04
8.666000000000000369e-01 5.291000000000000147e-01 1.980000000000000093e-01 7.067999999999999838e-01 1.791999999999999982e-01 1.860999999999999877e-01 2.280000000000000082e-02 1.378669999999999973e+01 7.274000000000000021e+00 1.157599999999999962e+00 2.051200000000000134e+00 5.595999999999999863e-01 2.489900000000000002e+00 -6.038017160000000149e+04 4.559000000000000274e-01 7.821196082695734964e-01 9.946492433375293540e-01 1.153559470507171225e+00 8.174099280565233494e-01 1.537340101096767775e+01 9.302624229950136412e-04
8.814999999999999503e-01 5.173999999999999710e-01 2.989999999999999880e-01 7.415000000000000480e-01 2.859999999999999765e-01 1.388000000000000067e-01 1.069999999999999944e-02 1.579480000000000040e+01 4.319899999999999629e+00 1.822400000000000020e+00 1.836600000000000010e+00 5.702000000000000401e-01 2.244800000000000129e+00 -5.019051909999999771e+04 5.588999999999999524e-01 7.874565084088896993e-01 1.692046547037639348e+00 1.162618426205743960e+00 7.807248976457272782e-01 1.609577285450100348e+01 9.404262404473430915e-04
9.364999999999999991e-01 4.215999999999999748e-01 2.797999999999999932e-01 8.493000000000000549e-01 2.676999999999999935e-01 3.803000000000000269e-01 4.199999999999999740e-03 1.640020000000000167e+01 5.681499999999999773e+00 8.037999999999999590e-01 1.776699999999999946e+00 3.487999999999999989e-01 2.063099999999999934e+00 -4.535028760000000329e+04 5.002999999999999670e-01 7.905436667343410662e-01 1.872031314001121771e+00 1.119278831380887906e+00 7.061339369550475586e-01 1.779601568017987390e+01 9.986502121086130238e-04
9.443000000000000282e-01 2.141000000000000125e-01 3.512000000000000122e-01 8.659999999999999920e-01 3.422000000000000042e-01 2.144999999999999962e-01 3.500000000000000073e-03 1.495679999999999943e+01 4.262900000000000134e+00 5.684000000000000163e-01 1.665699999999999958e+00 3.094999999999999973e-01 1.911100000000000021e+00 -4.260206429999999818e+04 5.877000000000000002e-01 7.533016982561077102e-01 1.882545701887675671e+00 1.129963668799598420e+00 6.846063203051252488e-01 1.835561583591342227e+01 9.284143721706085862e-04
9.452000000000000401e-01 2.406999999999999973e-01 2.545999999999999930e-01 8.670999999999999819e-01 2.449000000000000066e-01 3.824000000000000177e-01 4.000000000000000083e-03 1.277580000000000027e+01 4.332399999999999807e+00 5.450000000000000400e-01 1.764999999999999902e+00 2.962000000000000188e-01 1.985500000000000043e+00 -4.500379800000000250e+04 4.646000000000000130e-01 7.709902047543634174e-01 1.390880766832710558e+00 1.148073919221510364e+00 7.768058731954332607e-01 1.617697683292059097e+01 9.482504937580466930e-04
9.185999999999999721e-01 4.660000000000000253e-01 3.044000000000000039e-01 8.091000000000000414e-01 2.921000000000000263e-01 3.382999999999999896e-01 8.399999999999999481e-03 1.582559999999999967e+01 6.396399999999999864e+00 1.037400000000000100e+00 1.735200000000000076e+00 4.035000000000000253e-01 2.023600000000000065e+00 -5.190381979999999749e+04 5.295999999999999597e-01 7.881617546223468329e-01 1.825115574926233553e+00 1.158578393765165027e+00 7.600357351822401020e-01 1.653392075222098256e+01 1.002949401832281366e-03
9.526999999999999913e-01 1.789999999999999925e-01 3.446000000000000174e-01 8.851999999999999869e-01 3.356999999999999984e-01 3.222999999999999754e-01 2.500000000000000052e-03 1.483089999999999975e+01 3.745899999999999785e+00 5.290000000000000258e-01 1.586600000000000010e+00 2.726999999999999980e-01 1.800100000000000033e+00 -4.238735850000000210e+04 5.654000000000000137e-01 7.777530956070992652e-01 1.711979097800553795e+00 1.166119066934143467e+00 7.733982694830126015e-01 1.624825282161455320e+01 1.040843600553072830e-03
8.521999999999999575e-01 6.200999999999999845e-01 2.169999999999999984e-01 6.813000000000000167e-01 1.897999999999999965e-01 3.155000000000000027e-01 2.500000000000000139e-02 1.273170000000000002e+01 6.547399999999999665e+00 1.368800000000000017e+00 1.861900000000000110e+00 6.179000000000000048e-01 2.326099999999999834e+00 -6.375629490000000078e+04 4.262000000000000233e-01 7.656122893754420122e-01 1.054887990230439554e+00 1.155582278824114795e+00 8.023993259625566976e-01 1.566099348262111057e+01 9.248047535870308755e-04
9.691999999999999504e-01 2.797000000000000042e-01 5.334999999999999742e-01 9.260000000000000453e-01 5.272999999999999909e-01 1.021999999999999992e-01 6.999999999999999929e-04 1.456240000000000023e+01 6.406900000000000261e+00 4.233000000000000096e-01 1.201000000000000068e+00 2.084999999999999909e-01 1.357199999999999962e+00 -7.528758710000000428e+04 7.281999999999999584e-01 6.983631960996156129e-01 3.973458457478114880e+00 1.045971702449564056e+00 3.855873475082813306e-01 3.259020477607679567e+01 8.098872495630384406e-04
9.364999999999999991e-01 4.313000000000000167e-01 5.040000000000000036e-01 8.480999999999999650e-01 4.949999999999999956e-01 1.219999999999999973e-01 5.000000000000000104e-03 1.500000000000000000e+01 7.337600000000000122e+00 9.064999999999999725e-01 1.258799999999999919e+00 3.395000000000000240e-01 1.483100000000000085e+00 -6.804013330000000133e+04 7.066000000000000059e-01 6.778344647633385289e-01 3.056654917393245796e+00 1.041254149310622434e+00 4.288419775000451573e-01 2.930303299041626275e+01 8.521648143822383847e-04
9.717000000000000082e-01 3.789000000000000146e-01 5.022999999999999687e-01 9.327999999999999625e-01 4.959000000000000075e-01 1.350000000000000089e-01 5.000000000000000104e-04 1.205899999999999928e+01 6.765900000000000247e+00 3.580999999999999739e-01 1.201899999999999968e+00 1.985000000000000098e-01 1.355299999999999949e+00 -6.632013219999999274e+04 7.052000000000000490e-01 6.932269876738413883e-01 3.285266443338369147e+00 1.076267345605906645e+00 4.513158640769475149e-01 2.784384865367076500e+01 8.451116823107276185e-04
9.174999999999999822e-01 6.066000000000000281e-01 4.966999999999999749e-01 8.124000000000000110e-01 4.882000000000000228e-01 5.790000000000000008e-02 5.100000000000000366e-03 1.581419999999999959e+01 7.635600000000000165e+00 1.272000000000000020e+00 1.363899999999999890e+00 4.485999999999999988e-01 1.672700000000000076e+00 -6.720429829999999492e+04 7.153000000000000469e-01 6.785753983247748700e-01 3.444394583445133051e+00 1.069827981177502885e+00 4.254647325476040853e-01 2.953563398572208598e+01 8.165205995175771250e-04
9.790999999999999703e-01 4.126000000000000223e-01 5.034999999999999476e-01 9.493000000000000327e-01 4.981999999999999762e-01 1.029999999999999943e-01 4.000000000000000192e-04 1.499770000000000003e+01 7.456800000000000317e+00 4.134999999999999787e-01 1.269400000000000084e+00 1.524000000000000077e-01 1.383199999999999985e+00 -7.412590279999999620e+04 7.046000000000000041e-01 7.995371798954862275e-01 3.232077538882480283e+00 1.065020143773119266e+00 5.141368350747482774e-01 2.444168508667969775e+01 8.405355173425961730e-04
9.795000000000000373e-01 1.781000000000000083e-01 4.708999999999999853e-01 9.505000000000000115e-01 4.656000000000000139e-01 1.383000000000000063e-01 2.999999999999999737e-04 1.280630000000000024e+01 4.130600000000000271e+00 2.111999999999999988e-01 1.338000000000000078e+00 1.489999999999999936e-01 1.455799999999999983e+00 -5.423297570000000269e+04 6.833000000000000185e-01 7.173316203303453653e-01 3.212420849255425370e+00 1.122172821894577011e+00 5.137576112980707377e-01 2.445972641185542429e+01 8.167538840331549799e-04
9.848000000000000087e-01 5.241999999999999993e-01 5.102999999999999758e-01 9.647000000000000020e-01 5.038000000000000256e-01 2.723999999999999755e-01 1.000000000000000048e-04 1.198240000000000016e+01 7.299299999999999677e+00 2.787999999999999923e-01 1.060699999999999976e+00 1.223999999999999949e-01 1.155200000000000005e+00 -5.236202010000000155e+04 6.954000000000000181e-01 7.091852931161154450e-01 3.471380003805186298e+00 1.090755859106572245e+00 4.602392988077794178e-01 2.730399304646855541e+01 8.806268620119413410e-04
9.020000000000000240e-01 5.830999999999999517e-01 4.618999999999999773e-01 7.762000000000000011e-01 4.505000000000000115e-01 1.547999999999999932e-01 1.009999999999999960e-02 1.565729999999999933e+01 7.045099999999999696e+00 1.375499999999999945e+00 1.351299999999999946e+00 4.798000000000000043e-01 1.653499999999999970e+00 -6.105867429999999877e+04 6.734999999999999876e-01 7.159368635301085471e-01 3.180832123194772265e+00 1.114283221732977891e+00 5.081957982582131494e-01 2.472741934787550022e+01 8.800318584169108818e-04
9.727000000000000091e-01 1.973999999999999921e-01 1.905000000000000027e-01 9.334999999999999964e-01 1.847999999999999921e-01 1.128300000000000081e+00 6.999999999999999929e-04 1.607659999999999911e+01 3.868199999999999861e+00 2.500999999999999890e-01 2.001300000000000079e+00 1.836000000000000132e-01 2.150399999999999867e+00 -3.425248589999999967e+04 3.115999999999999881e-01 7.856827714304779331e-01 1.000974312622729068e+00 1.188980678546185610e+00 8.723416387364023583e-01 1.440533164570903324e+01 1.702465375340789493e-03
9.523000000000000353e-01 5.164999999999999591e-01 2.328999999999999959e-01 8.861999999999999877e-01 2.230999999999999928e-01 2.750000000000000222e-01 2.099999999999999870e-03 1.381370000000000076e+01 7.678499999999999659e+00 5.037000000000000366e-01 1.947699999999999987e+00 2.907000000000000139e-01 2.198900000000000077e+00 -5.850438040000000183e+04 4.656000000000000139e-01 8.178751848523114765e-01 1.076003485693090456e+00 8.799201522248081275e-01 4.966848965797329707e-01 2.530048870197906297e+01 1.024864542751691143e-03
9.079000000000000403e-01 3.921000000000000041e-01 1.784999999999999920e-01 7.892000000000000126e-01 1.637000000000000122e-01 8.477000000000000091e-01 8.000000000000000167e-03 1.562589999999999968e+01 4.769199999999999662e+00 8.548999999999999932e-01 2.024999999999999911e+00 4.635000000000000231e-01 2.391599999999999948e+00 -5.317937410000000091e+04 3.085999999999999854e-01 7.861682849894524594e-01 1.002689154673977123e+00 1.175986341260084167e+00 8.539042464543221689e-01 1.471636974114917074e+01 1.282146188374591600e-03
9.441000000000000503e-01 5.580000000000000515e-01 1.854000000000000092e-01 8.675000000000000488e-01 1.764999999999999902e-01 4.360999999999999877e-01 2.899999999999999800e-03 1.712199999999999989e+01 7.918700000000000294e+00 6.310000000000000053e-01 2.108200000000000074e+00 3.287999999999999812e-01 2.372599999999999820e+00 -7.380736000000000058e+04 3.921000000000000041e-01 7.783361895015229459e-01 9.513331294505367186e-01 1.065894332159015745e+00 6.940890408843293224e-01 1.810483939978151824e+01 1.374920220595641975e-03
9.205999999999999739e-01 7.052000000000000490e-01 1.821000000000000119e-01 8.171000000000000485e-01 1.701999999999999902e-01 7.733999999999999764e-01 5.400000000000000286e-03 1.723910000000000053e+01 7.253899999999999793e+00 8.080000000000000515e-01 2.080400000000000027e+00 4.325999999999999845e-01 2.415200000000000014e+00 -5.938620679999999993e+04 3.634999999999999898e-01 7.870115925978912186e-01 9.914112292463219678e-01 1.190328784943209373e+00 8.757835921346496244e-01 1.434871665468142687e+01 1.254994482653831126e-03
9.889999999999999902e-01 1.734999999999999876e-01 5.652000000000000357e-01 9.747999999999999998e-01 5.601000000000000423e-01 9.349999999999999978e-02 1.000000000000000048e-04 9.828699999999999548e+00 4.160599999999999632e+00 1.210999999999999993e-01 1.053099999999999925e+00 9.049999999999999711e-02 1.124000000000000110e+00 -3.845924530000000232e+04 7.481999999999999762e-01 8.002851934206580697e-01 4.824767642339483409e+00 1.054188773789054956e+00 3.973293259492584051e-01 3.162709066172473271e+01 7.863440330162999991e-04
9.856000000000000316e-01 5.269000000000000350e-01 6.028999999999999915e-01 9.671999999999999487e-01 5.980999999999999650e-01 1.736000000000000043e-01 1.000000000000000048e-04 1.472770000000000046e+01 7.512999999999999901e+00 3.569999999999999840e-01 9.451000000000000512e-01 1.179999999999999938e-01 1.016199999999999992e+00 -6.938724970000000030e+04 7.677000000000000490e-01 7.962606857261478321e-01 5.252199131225698814e+00 1.046166737043455974e+00 3.678599785859906213e-01 3.416074415777107731e+01 8.379597135814678861e-04
9.558999999999999719e-01 3.195999999999999952e-01 5.715000000000000080e-01 8.962999999999999856e-01 5.638999999999999568e-01 8.719999999999999973e-02 1.399999999999999986e-03 1.409839999999999982e+01 5.719599999999999795e+00 5.116000000000000547e-01 1.131799999999999917e+00 2.772999999999999909e-01 1.325900000000000079e+00 -5.441240830000000278e+04 7.638000000000000345e-01 8.511126110945472778e-01 5.233136623891013528e+00 1.049610476653344504e+00 3.967728918664303883e-01 3.167144447607452662e+01 7.796893234733157010e-04
8.950000000000000178e-01 5.318000000000000504e-01 1.905999999999999917e-01 7.611999999999999877e-01 1.713000000000000078e-01 4.437999999999999723e-01 1.310000000000000053e-02 1.237289999999999957e+01 5.923300000000000232e+00 9.471000000000000529e-01 1.957799999999999985e+00 4.882000000000000228e-01 2.341899999999999871e+00 -5.090714269999999669e+04 3.708000000000000185e-01 7.887727298414508592e-01 9.846436052619705892e-01 1.163365435340039555e+00 8.383938409728017849e-01 1.498862467760761596e+01 9.378914633755783010e-04
9.157999999999999474e-01 4.869999999999999885e-01 1.930999999999999939e-01 8.028999999999999471e-01 1.754999999999999893e-01 4.974000000000000088e-01 9.400000000000000369e-03 1.231949999999999967e+01 7.162799999999999834e+00 8.570999999999999730e-01 1.876300000000000079e+00 4.081000000000000183e-01 2.175499999999999989e+00 -6.420887120000000141e+04 3.522000000000000131e-01 7.891571738698596183e-01 1.011037728379273526e+00 1.141868428636203081e+00 8.081136412626942489e-01 1.555025181201490270e+01 1.004993170414261944e-03
9.483000000000000318e-01 3.346999999999999975e-01 2.116000000000000103e-01 8.746000000000000441e-01 2.006000000000000005e-01 3.766999999999999793e-01 3.500000000000000073e-03 1.197429999999999950e+01 5.244299999999999962e+00 5.543000000000000149e-01 1.850800000000000001e+00 2.861000000000000210e-01 2.059499999999999886e+00 -4.319400779999999941e+04 4.013999999999999790e-01 7.811115383362535747e-01 1.004495864344814304e+00 1.126281503381929783e+00 7.782061407802906006e-01 1.614786874048454735e+01 9.185629783863643759e-04
9.892999999999999572e-01 2.288999999999999924e-01 2.210999999999999910e-01 9.755000000000000338e-01 2.172000000000000042e-01 6.112999999999999545e-01 1.000000000000000048e-04 1.049569999999999936e+01 4.413800000000000168e+00 1.365999999999999992e-01 1.734799999999999898e+00 8.849999999999999534e-02 1.805900000000000061e+00 -3.385112329999999929e+04 3.769000000000000128e-01 7.884738654429803706e-01 1.080232684053596737e+00 1.177099439672400161e+00 8.567556234435104168e-01 1.466739204331318547e+01 9.888151939148074818e-04
9.896000000000000352e-01 1.648999999999999910e-01 2.389000000000000012e-01 9.760999999999999677e-01 2.348999999999999977e-01 4.914000000000000035e-01 1.000000000000000048e-04 9.322400000000000020e+00 4.062100000000000044e+00 1.018000000000000016e-01 1.713200000000000056e+00 8.669999999999999929e-02 1.790999999999999925e+00 -3.146251329999999871e+04 4.214999999999999858e-01 7.856197664956393600e-01 1.022928106703122619e+00 1.154893027642068803e+00 8.228676863522246254e-01 1.527143527784635602e+01 9.153512826960900732e-04
8.960000000000000187e-01 4.353000000000000203e-01 1.691000000000000003e-01 7.625999999999999446e-01 1.502000000000000002e-01 3.886999999999999900e-01 1.379999999999999977e-02 1.447840000000000060e+01 5.529300000000000104e+00 1.048899999999999944e+00 2.130799999999999805e+00 4.742000000000000104e-01 2.520500000000000185e+00 -5.349975549999999930e+04 3.785000000000000031e-01 7.872383291777824699e-01 9.618341906766867400e-01 1.104305668655315431e+00 7.537204859493044085e-01 1.667245464150007450e+01 1.094702382305374772e-03
9.476999999999999869e-01 6.630000000000000338e-01 8.362000000000000544e-01 8.821999999999999842e-01 8.258999999999999675e-01 6.400000000000000307e-03 1.500000000000000031e-03 1.191740000000000066e+01 7.811300000000000132e+00 7.730000000000000204e-01 4.983000000000000207e-01 3.302999999999999825e-01 6.655999999999999694e-01 -7.634855610000000161e+04 9.232000000000000206e-01 7.779484433222886297e-01 1.400323062459266410e+01 9.827074515219315076e-01 1.468276535105777214e-01 8.558585739064385223e+01 6.968690111142275111e-04
9.805000000000000382e-01 1.585999999999999910e-01 8.645000000000000462e-01 9.545000000000000151e-01 8.585000000000000409e-01 6.799999999999999621e-03 2.000000000000000096e-04 8.490700000000000358e+00 4.703400000000000247e+00 1.850999999999999868e-01 3.995000000000000218e-01 1.431000000000000050e-01 4.789999999999999813e-01 -6.489014770000000135e+04 9.343000000000000194e-01 6.774966875608677830e-01 1.301598105750479384e+01 9.688669765673394441e-01 1.323778306643695335e-01 9.492805971582902202e+01 6.899695537811454185e-04
9.880999999999999783e-01 2.106999999999999984e-01 9.629999999999999671e-01 9.726000000000000201e-01 9.586000000000000076e-01 4.000000000000000192e-04 1.000000000000000048e-04 7.580199999999999605e+00 5.871199999999999974e+00 1.859999999999999987e-01 1.332000000000000128e-01 9.819999999999999563e-02 1.809000000000000052e-01 -6.406786860000000161e+04 9.806000000000000272e-01 5.807056793323815969e-01 2.603645647997154100e+01 9.411102487413913753e-01 5.755317517038859715e-02 2.183436548401700463e+02 6.622790732710571830e-04
9.858000000000000096e-01 4.148999999999999910e-01 9.224999999999999867e-01 9.677999999999999936e-01 9.108000000000000540e-01 4.400000000000000265e-03 1.000000000000000048e-04 1.166409999999999947e+01 7.849899999999999878e+00 3.375000000000000222e-01 2.386999999999999955e-01 1.168000000000000010e-01 3.227999999999999758e-01 -7.334168760000000475e+04 9.575000000000000178e-01 2.822495993230332290e-01 1.263125184516773913e+01 6.030869673067392744e-01 2.192390969895991956e-02 5.731810971176973908e+02 6.740415836503146083e-04
9.716000000000000192e-01 2.056000000000000050e-01 8.991000000000000103e-01 9.315999999999999837e-01 8.928000000000000380e-01 2.200000000000000133e-03 6.999999999999999929e-04 8.080700000000000216e+00 4.500899999999999679e+00 3.017000000000000237e-01 3.190000000000000058e-01 1.922999999999999987e-01 4.073999999999999844e-01 -3.840982050000000163e+04 9.494000000000000217e-01 6.063837300047079104e-01 1.947671978854749852e+01 9.737907351870953576e-01 8.391193402758377606e-02 1.497566557127418605e+02 6.722822945926947057e-04
9.837000000000000188e-01 4.796000000000000263e-01 8.639000000000000012e-01 9.619999999999999662e-01 8.560999999999999721e-01 1.329999999999999932e-02 1.000000000000000048e-04 8.850699999999999790e+00 6.716899999999999871e+00 2.656000000000000028e-01 3.718000000000000194e-01 1.292000000000000093e-01 4.445999999999999952e-01 -5.162407039999999688e+04 9.266999999999999682e-01 7.531189405693891059e-01 1.738558648799416773e+01 9.667258733189230124e-01 1.137246205829323398e-01 1.104982417171072768e+02 6.894874764702023980e-04
